##f 0.101344 0.055607 0.805309 -0.024160 0.830698 0.011622 0.398250 1.073111 0.040464 0.251650 0.140080 -0.465934 0.400817 -0.143804 0.539773 -0.001505 0.255622 -0.373810 1.326874 -1.115581 -0.247567 -0.170306 -0.181461 0.442005 0.366695 0.236302 -0.002597 -0.374142 0.385110 -0.374443 -0.384343 -0.357926 -0.407378 -0.552115 0.142986 -1.027286 -0.053092 0.386615 -0.244036 1.367107 0.165273 -0.172164 -0.924651 -0.843413 0.375308 0.477570 -0.509211 0.038592 0.661737 0.533082
, -0.277817 0.056604 1.079381 -0.423574 0.408972 -0.262874 0.201436 0.117125 0.712219 -0.030117 -0.966343 -0.831591 0.275083 -0.185262 0.153988 0.805144 -0.023985 -0.405657 0.328718 -0.696230 -0.267077 1.077918 -0.473836 -0.287959 0.306344 0.114432 0.503730 -0.273158 -0.073738 0.029265 0.339725 -0.455023 -0.097076 -0.668876 0.133859 -0.678594 -0.347270 0.597632 0.263732 0.362130 0.383754 0.225520 -0.706409 -0.116906 0.191294 0.573047 -0.794047 0.041262 0.844118 0.265960
_ 0.683405 0.163576 0.387141 -0.054151 -0.544715 -0.424559 -0.277963 1.074277 -0.592075 0.285285 0.150076 0.044695 -0.258832 -0.957424 -0.283319 -0.454266 -0.152113 -0.135515 -0.404251 -0.888628 -0.092459 0.638990 -0.326138 -0.621483 0.901068 0.514534 -0.581295 -0.573456 0.331682 0.653302 -1.028476 -0.381549 0.058430 -0.694503 -0.040686 -0.331158 -0.184280 0.109772 -0.209544 0.264893 0.731220 0.813149 -0.434296 -0.343459 0.103282 0.277802 0.309938 -0.203265 -0.081661 -0.340618
( 0.038254 0.397799 0.017511 -0.256753 -0.402975 0.147555 -0.153863 0.195867 0.477271 0.232427 0.240374 -0.085273 0.024771 -0.630225 -0.025102 -0.083079 0.117155 -0.130540 -0.281189 0.007634 -0.119683 0.386273 -0.300761 -0.168851 0.417588 -0.027128 -0.221504 -0.697478 -0.335799 0.196715 -0.680353 0.020876 -0.361767 -0.521068 0.304879 0.506529 0.176380 -0.402350 0.068896 0.011091 0.293154 0.327455 -0.500526 0.081989 0.150877 -0.179858 0.238315 0.199828 0.113613 -0.133108
) 0.200721 0.039948 0.243668 -0.585578 -0.232016 0.206453 -0.070961 0.434875 0.512796 0.270941 0.228833 -0.190658 0.063175 -0.497983 -0.041919 -0.475308 -0.122785 -0.358793 -0.206515 0.028240 0.075423 0.442105 -0.239919 -0.326573 0.590337 -0.000516 -0.355264 -0.593061 -0.650255 -0.084693 -0.711351 -0.022530 -0.813253 -0.660514 0.521117 0.713570 0.186871 -0.400849 0.091570 0.364565 0.458959 0.158887 -0.571140 -0.252123 0.264715 0.081996 0.281270 0.829705 0.452313 -0.011217
; 0.246738 -0.397925 0.081144 -0.696869 -0.191112 0.140235 0.059713 0.246178 0.191365 0.355447 0.233005 0.207800 -0.086236 -0.606229 0.393065 -0.682120 -0.216603 -0.694408 -0.388568 0.144723 0.016376 0.232405 -0.132539 -0.453357 0.524708 -0.014406 -0.295377 -0.442976 -0.713762 -0.208187 -0.256834 0.138106 -0.938594 -0.566699 0.529065 0.849856 0.463631 -0.256786 0.043504 0.186406 0.412195 -0.065653 -0.208967 -0.402559 -0.025844 -0.026630 0.384079 0.710306 0.080275 -0.004152
0 -0.336487 -0.168202 0.490856 -0.939309 0.802583 0.365853 0.728720 -0.307485 0.700382 0.119226 -0.177553 -0.416105 0.760334 0.000640 0.246792 0.490694 0.371286 0.043286 1.112438 -0.409672 -0.470515 0.447795 -0.245887 0.353912 0.389878 0.011947 0.279848 -0.067318 -0.321657 -0.869771 -0.055434 0.516041 -0.414644 -0.357366 0.276560 -0.414351 0.383042 0.456991 -0.013589 0.771374 0.317565 -0.313363 -0.666964 0.192769 0.469872 0.718496 -1.123982 0.432325 1.219797 0.494315
* 0.137124 -0.511845 0.496383 0.077026 0.095930 -0.407446 -0.636362 0.783722 0.374621 0.059494 -0.402659 -0.252823 -0.476348 0.392161 0.520363 -0.245133 -0.344211 -0.788956 -0.011779 0.190635 0.398257 0.075691 0.385790 -0.329517 -0.069374 0.080267 -0.082458 0.216680 0.147518 -0.056708 0.074332 -0.480095 -0.492253 -0.670854 0.256024 -0.008531 -0.392644 -0.425643 0.467058 0.449942 0.045453 0.135801 0.082690 -1.136169 -0.352911 0.051230 0.367310 0.260404 -0.326263 0.367402
ut 0.555139 0.160648 0.378556 0.387086 0.048825 -0.115453 -0.227604 1.319270 -0.340188 0.260574 0.514901 -0.109237 -0.036255 -0.329510 0.246573 -0.859619 -0.009286 -0.379018 0.386023 -0.606523 0.067393 -0.401049 0.000840 0.121444 0.328101 0.199369 -0.568311 -0.443394 0.270417 0.068101 -0.937815 -0.421548 -0.444087 -0.403914 0.252471 -0.278278 -0.134921 -0.153840 -0.269643 0.952028 0.089055 0.163080 -0.634041 -0.941141 0.182761 0.075790 0.568480 0.096795 -0.039772 0.104828
##1 -0.462914 0.200819 0.586792 -0.220157 1.082654 0.243097 0.749853 -0.170385 0.377592 -0.141767 -0.360145 -0.487974 0.584633 0.337567 0.266278 0.988728 0.442624 0.191677 1.334347 -0.867561 -0.442740 0.150670 -0.352744 0.595190 -0.076754 -0.073962 0.729035 0.107804 0.283504 -0.458933 0.665084 -0.033312 0.264707 -0.065591 -0.126600 -1.200438 -0.047414 0.838310 -0.072152 0.631861 -0.119272 -0.496842 -0.559245 0.153811 0.381660 0.498232 -1.314800 -0.303835 0.754066 0.532843
= 0.128598 -0.041177 -0.176142 -0.639881 -0.223797 0.241047 -0.122216 -0.243830 0.272212 0.031551 0.488365 -0.180314 0.523880 -0.309313 -0.316811 -0.602390 0.137130 0.042822 -0.064728 0.536073 -0.233224 0.309204 0.043029 -0.063061 0.530084 0.034966 -0.741710 -0.121303 -0.799736 -0.482201 -0.870359 0.852165 -0.613881 -0.246570 0.463619 0.623329 0.457274 -0.344262 0.061164 0.556562 0.445906 0.241877 -0.249427 0.341856 0.411783 0.386802 0.227609 1.030666 0.886840 -0.353562
##8 0.480495 0.233389 0.498407 0.142736 -0.087417 -0.184192 -0.094186 1.322263 -0.339176 0.397170 0.348140 -0.299516 0.070127 -0.813703 0.048246 -0.526547 0.043583 -0.314915 0.309100 -0.856646 -0.081096 0.112083 -0.188708 -0.027153 0.735497 0.455990 -0.590337 -0.597075 0.294440 0.215834 -1.198361 -0.407892 -0.295230 -0.582019 0.140807 -0.486322 -0.154895 0.060498 -0.321284 0.936225 0.435924 0.572470 -0.730275 -0.736746 0.252538 0.325992 0.251931 0.072190 0.244580 -0.061448
##x -0.451920 0.208476 0.473990 -0.612343 0.994974 0.404983 0.805997 -0.380435 0.562000 -0.043815 -0.206994 -0.463796 0.800452 0.174796 0.143931 0.829337 0.571716 0.301639 1.287527 -0.748817 -0.519147 0.330096 -0.445088 0.580280 0.196936 -0.054572 0.549527 -0.038769 -0.044400 -0.658317 0.258519 0.367795 0.000870 -0.176663 0.054038 -0.831556 0.180088 0.727871 -0.140186 0.674569 0.071902 -0.413852 -0.757219 0.399199 0.541321 0.675016 -1.343699 0.021791 1.088867 0.497458
- 0.349793 0.563286 0.664476 -0.172037 0.650383 0.449659 -0.474215 0.356036 0.669870 -0.722647 -0.000813 -0.315431 0.138358 0.723155 -0.121803 -0.812943 -0.311269 -0.246997 0.057270 -0.372483 0.044742 0.147803 -0.689483 0.007198 -0.307608 -0.892409 0.199780 -0.156979 -0.908090 0.371264 0.670074 -0.360846 -0.466476 -0.546753 0.634487 0.287629 -0.060080 -0.008455 0.469736 0.459825 -0.160517 -0.527141 -0.742702 -0.177397 0.572387 -0.289381 0.260471 0.739482 -0.168701 0.102770
> 0.469825 0.847834 0.450391 -0.504382 0.370467 0.641453 -0.451466 0.166814 0.731770 -0.726061 0.045696 -0.294443 0.276616 0.434872 -0.665875 -0.946263 -0.283323 0.124041 -0.238517 -0.375195 -0.054572 0.503613 -0.961792 -0.095246 -0.011803 -0.986046 0.128375 -0.305204 -1.266991 0.588316 0.328441 -0.163535 -0.421681 -0.586678 0.781937 0.662948 -0.025127 0.018308 0.360696 0.256015 0.028123 -0.226641 -0.952701 0.460473 0.844102 -0.177966 0.158417 0.837918 0.055895 -0.202256
size 0.424982 0.343345 0.565255 -0.496611 -0.092742 0.089600 -0.510441 0.330858 0.620706 -0.288927 -0.249123 -0.338416 -0.009065 -0.010229 -0.433392 -0.649016 -0.349778 -0.271726 -0.512784 -0.250381 0.030447 0.839094 -0.569048 -0.514488 0.250497 -0.425545 -0.000305 -0.303330 -0.825299 0.503091 -0.056278 -0.279979 -0.468470 -0.822084 0.621200 0.522087 -0.162812 -0.054086 0.457258 0.157311 0.299128 0.217426 -0.652135 0.044572 0.388719 0.005706 0.278899 0.667025 0.075641 -0.173465
ud 0.403947 0.606568 0.640290 -0.334839 0.230609 0.275864 -0.521102 0.506923 0.661778 -0.335594 -0.133773 -0.431516 0.138149 0.137908 -0.376333 -0.711848 -0.245454 -0.140818 -0.141163 -0.421205 -0.044134 0.557834 -0.686287 -0.153662 0.138018 -0.499736 -0.011482 -0.400839 -0.781035 0.514573 -0.093816 -0.380486 -0.419410 -0.761756 0.679584 0.320060 -0.209169 -0.021217 0.350189 0.370917 0.114509 0.117332 -0.923128 -0.029172 0.562423 0.003065 0.294592 0.540092 0.028366 -0.053459
##c -0.345947 -0.197651 0.348801 -0.470824 0.105798 -0.171039 0.162509 -0.305196 0.446511 0.006929 -0.338156 -0.617459 0.354103 -0.230368 0.110386 0.356299 -0.143478 -0.239531 -0.008622 0.181750 -0.119890 0.519271 -0.039270 -0.222192 0.319124 0.124845 -0.158365 -0.017909 -0.432359 -0.318047 -0.103879 0.133185 -0.276970 -0.255113 0.082349 -0.016241 0.229021 0.073305 0.221594 0.300032 0.464268 0.218257 -0.188311 -0.043648 0.120468 0.280526 -0.365582 0.723636 0.812645 -0.022622
+ -0.352270 -0.657381 -0.134051 -0.693498 -0.409616 -0.007965 0.162579 -0.741613 0.260210 0.153211 -0.173476 -0.000473 0.109690 -0.289600 0.039617 -0.052541 -0.377424 -0.379553 -0.580963 0.904827 0.079827 0.331537 0.176207 -0.502879 0.299251 0.105075 -0.309765 -0.086023 -0.895545 -0.524122 0.108148 0.344117 -0.663007 -0.036948 0.168435 0.932423 0.620194 -0.307005 0.253611 -0.296334 0.572807 0.034902 0.439729 0.092306 -0.182928 -0.058228 0.129404 0.980219 0.558800 -0.197711
data 0.529114 0.450747 0.782670 0.250804 0.069070 -0.107384 -0.487647 0.828092 0.051363 -0.320047 -0.292532 -0.472614 -0.018520 -0.099860 -0.219364 -0.695170 -0.448456 -0.333936 -0.293361 -0.642254 0.052051 0.413109 -0.503116 -0.225337 0.018028 -0.284680 -0.035693 -0.343413 -0.291379 0.734634 -0.025753 -0.776752 -0.128940 -0.391094 0.300500 -0.119522 -0.461487 0.291843 0.140920 0.304885 0.034428 0.273003 -0.654420 -0.298730 0.352931 0.016554 0.350398 0.190615 -0.063253 -0.188164
. 0.298894 -0.151496 -0.058150 0.170801 0.347391 0.020688 -0.448177 0.364894 -0.096480 -0.421011 0.037696 0.236585 -0.259543 0.955382 0.046252 -0.761514 -0.331063 -0.149429 0.089704 0.148172 0.329199 -0.597320 0.188915 0.074055 -0.456577 -0.447282 0.072039 0.493416 -0.116314 0.122100 0.539828 -0.258100 -0.162901 0.000773 0.194569 0.232363 -0.128757 -0.298419 0.260742 0.202249 -0.344883 -0.376107 0.247917 -0.432533 -0.056940 -0.322098 0.377727 0.233234 -0.648581 0.122379
/ 0.351266 -0.473538 0.104893 0.334485 0.192338 -0.251965 -0.375951 0.935302 -0.173720 0.117457 0.193529 0.307288 -0.572031 0.430167 0.733109 -0.708151 -0.211187 -0.661013 0.130735 0.020389 0.432247 -0.690722 0.436737 -0.132165 -0.178138 -0.076233 -0.128950 0.153092 0.285329 -0.085140 0.097044 -0.406507 -0.534211 -0.371486 0.181585 0.146313 -0.161402 -0.499381 0.129662 0.486103 -0.255250 -0.297950 0.144847 -1.208193 -0.372876 -0.300444 0.631719 0.039171 -0.743883 0.451453
width 0.368317 0.043204 0.178714 -0.386452 0.022092 0.174195 -0.373926 0.484182 0.178470 -0.124776 0.198449 0.005244 -0.078227 0.087987 -0.114034 -0.775571 -0.253636 -0.220241 -0.139303 -0.102950 0.108761 0.089521 -0.237932 -0.281233 0.316763 -0.255155 -0.224669 -0.216275 -0.567579 0.135713 -0.150254 -0.110222 -0.557975 -0.593349 0.468530 0.538208 0.117227 -0.324286 0.216998 0.362082 0.297935 0.013993 -0.347791 -0.321129 0.201249 -0.106812 0.384097 0.619382 -0.115288 -0.013478
{ 0.198888 -0.078342 0.103099 0.021633 -0.426285 -0.103778 -0.238767 0.566753 0.101763 0.358198 0.089020 -0.218817 -0.081684 -0.538871 -0.209935 -0.253700 -0.194869 -0.215053 -0.299944 0.119740 0.180754 0.161707 0.091842 -0.171252 0.246778 0.294147 -0.393783 -0.383395 -0.029526 0.195431 -0.867012 -0.287826 -0.334176 -0.198121 0.127850 0.297034 -0.192630 -0.340454 -0.001320 0.035851 0.200414 0.521540 -0.204537 -0.287840 0.012127 0.093611 0.429817 0.217368 0.144686 -0.064749
} 0.191619 -0.582871 0.106465 -0.324170 0.043153 -0.030632 -0.114501 0.476849 0.242146 0.248992 0.212267 0.205145 -0.244267 -0.027340 0.685574 -0.649636 -0.217185 -0.775120 -0.071991 0.291542 0.267250 -0.196453 0.276085 -0.334973 0.208726 -0.079032 -0.286435 -0.134638 -0.375853 -0.390318 -0.124717 0.040590 -0.959316 -0.532466 0.403782 0.650691 0.298614 -0.512654 0.194557 0.439139 0.139191 -0.221531 -0.000756 -0.866294 -0.194808 -0.158212 0.475149 0.676007 -0.119722 0.271458
& -0.013133 0.331446 -0.164052 -0.247787 -0.035906 0.195639 -0.069453 -0.137135 0.195113 0.107849 0.259913 -0.129251 0.362646 -0.101846 -0.400656 -0.132289 0.357705 0.525261 0.284843 0.112786 -0.281600 0.131716 0.007185 0.355330 0.262323 0.171012 -0.406198 -0.108635 -0.079858 -0.209653 -0.856696 0.509735 0.003797 -0.081591 0.227200 -0.068665 0.159787 -0.140788 -0.155576 0.353019 0.151397 0.302393 -0.402028 0.398692 0.312612 0.363017 -0.071514 0.078194 0.442422 -0.113789
if 0.212593 0.178872 0.059155 -0.457029 -0.010427 0.339663 -0.200741 0.329766 0.472196 0.068885 0.333922 -0.036290 0.088203 -0.159133 -0.053000 -0.521958 -0.055696 -0.232805 -0.145060 0.032727 0.015250 0.129573 -0.267433 -0.132757 0.277224 -0.247644 -0.248546 -0.390503 -0.639016 0.033867 -0.317975 0.060326 -0.658801 -0.555090 0.528058 0.634978 0.216655 -0.390552 0.136805 0.274180 0.164143 -0.028895 -0.479074 -0.143463 0.293711 -0.120282 0.338187 0.602809 0.027819 -0.034883
sr -0.309570 -0.392856 0.126768 -0.371539 -0.119707 -0.200764 0.005727 -0.335215 0.395802 0.085777 -0.352808 -0.353298 0.055394 -0.126389 0.165082 0.220735 -0.294452 -0.323365 -0.281023 0.502277 0.062850 0.367695 0.163357 -0.315899 0.149292 0.153618 -0.182308 0.094657 -0.392849 -0.307346 -0.013972 0.112532 -0.287322 -0.144672 0.056281 0.294065 0.213273 -0.164601 0.263301 -0.049048 0.350172 0.192407 0.177473 -0.142098 -0.153254 0.118549 -0.079654 0.625968 0.421446 -0.024642
##t -0.427438 -0.448989 -0.081768 -0.352718 -0.437586 -0.253683 0.035644 -0.856941 0.458539 -0.008218 -0.454508 -0.153936 0.001574 -0.146456 0.169092 0.475561 -0.095438 -0.409625 -0.621042 0.927688 0.095101 0.520090 0.294359 -0.550271 0.074745 0.039173 -0.086648 0.151774 -0.464030 -0.384731 0.307976 0.402256 -0.311127 -0.040977 0.038420 0.611256 0.234398 -0.246595 0.365897 -0.338175 0.233562 0.132023 0.488753 0.248515 -0.261161 0.049346 -0.025729 0.590123 0.587178 -0.226019
ds -0.386237 -0.439379 -0.123213 -0.317543 -0.470619 -0.257806 -0.012658 -0.736303 0.469960 0.056773 -0.386254 -0.110742 -0.069721 -0.177881 0.211166 0.446682 -0.065973 -0.430628 -0.589004 0.894747 0.133168 0.470966 0.321224 -0.526778 0.082563 0.056694 -0.115254 0.102438 -0.379293 -0.352051 0.180954 0.365663 -0.329272 -0.113836 0.051659 0.609953 0.207727 -0.335356 0.351315 -0.304041 0.196377 0.161405 0.451369 0.152657 -0.274842 0.016434 0.047691 0.541742 0.488748 -0.177655
##9 -0.434514 0.036079 0.450145 0.040086 0.823889 0.042972 0.713381 -0.141050 0.101947 0.041415 -0.371345 -0.308853 0.460711 0.216471 0.331628 1.002294 0.428304 0.181635 1.188269 -0.778019 -0.356409 0.034062 -0.140324 0.563470 -0.109908 0.143405 0.640156 0.111897 0.602778 -0.432475 0.431137 -0.017612 0.407510 0.132717 -0.299851 -1.236679 -0.129370 0.776618 -0.217110 0.423367 -0.166960 -0.301587 -0.302887 0.103154 0.159912 0.495878 -1.123840 -0.585106 0.609430 0.502488
' -0.136317 -0.637093 -0.294163 -0.717758 -0.046201 0.219413 0.409550 -0.695979 0.157298 0.316844 0.191344 0.138224 0.352759 -0.289484 0.013179 0.024250 0.122515 0.181547 0.194649 0.620839 -0.178192 0.287432 0.302109 0.103557 0.246818 0.280127 -0.334579 0.257207 -0.328872 -0.888687 -0.564486 1.038365 -0.249116 0.203398 0.022591 0.371405 0.579443 -0.033249 -0.019015 -0.050419 0.256915 -0.051780 0.329227 0.430540 0.047407 0.470626 -0.268258 0.567711 0.706564 0.058281
st 0.211784 0.098810 0.203218 0.798938 -0.287559 -0.306899 -0.069627 0.959139 -0.410839 0.480768 0.091770 -0.239637 -0.088136 -0.657496 0.009676 -0.109948 -0.133357 -0.196746 0.083634 -0.362327 0.161284 -0.399925 0.234705 0.327704 -0.039254 0.538267 -0.276324 -0.483491 0.752662 0.348608 -0.998924 -0.760137 0.193793 0.362422 -0.299755 -0.474601 -0.507409 0.060656 -0.456745 -0.042621 -0.142070 0.633908 -0.164716 -0.586042 -0.114702 0.083907 0.408217 -0.571821 -0.110711 0.029607
return 0.212355 -0.068170 0.150425 -0.534334 -0.058964 0.247495 0.073688 0.378389 0.389602 0.268206 0.395960 0.062900 0.057020 -0.454679 0.272844 -0.483164 -0.002124 -0.446381 -0.025880 -0.047752 0.009797 0.182180 -0.179151 -0.236308 0.509905 -0.070847 -0.282684 -0.517196 -0.553782 -0.251129 -0.506184 0.139848 -0.819634 -0.591015 0.467700 0.622822 0.379877 -0.330240 0.054236 0.403727 0.347827 -0.080986 -0.451279 -0.347408 0.187647 -0.053981 0.231562 0.678450 0.205223 0.083278
1 -0.061726 -0.081520 0.165119 -0.528591 -0.208846 0.139259 0.021966 -0.355437 0.472011 -0.059099 -0.038959 -0.215676 0.130884 -0.251312 -0.064152 -0.201325 -0.234090 -0.248842 -0.459473 0.344596 0.024358 0.511572 -0.204735 -0.471507 0.326493 -0.193376 -0.152407 -0.296657 -0.886235 -0.179022 -0.028959 0.174165 -0.601328 -0.287799 0.315633 0.784573 0.389556 -0.214844 0.296851 -0.015984 0.415291 -0.003972 -0.155556 0.126291 0.143105 -0.111369 0.179979 0.909297 0.451017 -0.217066
s -0.154296 -0.161934 -0.125720 -0.200209 -0.296595 -0.031128 -0.063459 -0.170129 0.183584 0.161662 -0.074229 0.133908 -0.113891 -0.068039 0.048463 0.109824 -0.047832 -0.182157 -0.253079 0.377684 0.064950 0.141866 0.169822 -0.184975 0.104415 0.150281 -0.109830 -0.050539 -0.103589 -0.118169 -0.084049 0.080415 -0.157926 -0.067533 0.075892 0.371984 0.064506 -0.313239 0.099310 -0.240981 0.180262 0.075315 0.253885 -0.041806 -0.179580 -0.005505 0.122849 0.110489 0.052993 0.037202
int 0.374005 -0.122494 0.363142 -0.112091 -0.211179 -0.321648 -0.248007 0.858627 -0.125603 0.234168 -0.074350 -0.028997 -0.349738 -0.434227 0.090622 -0.361591 -0.229098 -0.450976 -0.287835 -0.402210 0.110674 0.271758 -0.144972 -0.464225 0.445053 0.250430 -0.169766 -0.432165 0.122681 0.357687 -0.405497 -0.534162 -0.379202 -0.642774 0.144495 0.088290 -0.197981 -0.182586 -0.002008 0.200426 0.374537 0.368730 -0.347763 -0.620212 -0.122787 0.053523 0.335911 -0.032298 -0.137905 0.076330
char 0.170190 -0.134072 0.274088 0.277312 -0.378472 -0.415444 -0.464736 0.728488 0.006989 0.325546 -0.203479 -0.189379 -0.467638 -0.354665 0.066091 0.031891 -0.248125 -0.369781 -0.379852 -0.007162 0.245025 0.335380 0.210979 -0.395158 0.131193 0.440168 -0.135304 -0.152635 0.433712 0.391451 -0.512424 -0.508146 -0.062342 -0.399454 -0.055370 0.004471 -0.467501 -0.315225 0.156254 -0.066471 0.178803 0.556259 0.036935 -0.530547 -0.298095 0.012000 0.397636 -0.281784 -0.297994 0.080199
index 0.501917 0.285230 0.165057 -0.037383 -0.209836 0.008193 -0.206139 0.684901 -0.247459 -0.000711 0.315654 0.010373 -0.116506 -0.519079 -0.248895 -0.486494 -0.068037 -0.077937 -0.293324 -0.537494 -0.020382 0.251551 -0.372479 -0.261901 0.459354 0.096373 -0.338451 -0.400766 -0.083998 0.503464 -0.477985 -0.224328 -0.104754 -0.406808 0.130935 0.029082 -0.059443 -0.027336 -0.152018 0.204121 0.299034 0.321569 -0.388403 -0.126395 0.237309 0.049489 0.280372 0.085827 -0.181210 -0.295181
< 0.084322 0.235344 -0.357373 -0.375109 -0.062531 0.365286 -0.220519 -0.336859 0.261220 -0.331238 0.231118 0.060269 0.181153 0.513063 -0.498603 -0.553222 -0.128396 0.409763 -0.143963 0.442001 0.074863 -0.142033 -0.042928 0.098611 -0.128700 -0.470580 -0.056127 0.241488 -0.614209 0.022513 -0.011405 0.299424 -0.176588 0.056901 0.355546 0.707785 0.262775 -0.375451 0.198252 -0.016116 -0.018872 -0.181945 -0.023825 0.462244 0.309294 -0.281274 0.097709 0.562871 -0.007216 -0.111706
more 0.199795 0.198854 -0.300517 -0.053265 -0.339178 0.090723 -0.030451 0.351802 -0.315753 0.338217 0.633559 0.108904 0.162450 -0.555996 -0.286016 -0.357694 0.310634 0.291377 0.130268 -0.075593 -0.204079 -0.050207 0.003944 0.158836 0.559132 0.395906 -0.678940 -0.278207 0.085933 -0.073348 -1.129313 0.376744 -0.081321 -0.094779 0.072254 -0.012901 0.210303 -0.264377 -0.337864 0.421846 0.322755 0.388911 -0.259868 0.054089 0.157076 0.230713 0.281158 0.063446 0.181581 -0.274722
n -0.236922 -0.358789 -0.004190 -0.500582 -0.351031 -0.079273 0.095642 -0.700882 0.228571 -0.088069 -0.315915 -0.069810 0.116846 -0.195188 -0.143118 0.043842 -0.281937 -0.204422 -0.602548 0.607353 -0.013954 0.486573 0.020443 -0.500192 0.153242 -0.025824 -0.129579 -0.000604 -0.661564 -0.221513 0.270516 0.267102 -0.345023 0.003912 0.094243 0.620909 0.347213 -0.053602 0.242925 -0.350295 0.388020 0.094653 0.291690 0.333628 -0.106975 0.019088 -0.008887 0.632868 0.472254 -0.307428
ui 0.198783 0.413039 0.242342 -0.043817 0.162453 0.289729 -0.103541 0.221692 0.114426 -0.337408 0.040355 -0.139540 -0.007963 -0.010533 -0.220249 -0.271651 -0.130942 -0.021957 -0.124725 -0.331708 0.001277 0.212349 -0.470905 0.004650 -0.053324 -0.384153 0.159195 -0.131316 -0.339850 0.417177 0.323301 -0.278053 -0.002907 -0.127600 0.192461 -0.005640 -0.070843 0.176580 0.070206 0.026832 -0.080263 -0.109721 -0.308727 0.113385 0.300156 -0.114337 -0.012554 0.175798 -0.209510 -0.147742
i -0.119752 -0.295231 -0.298318 -0.529713 -0.291913 0.107183 0.055596 -0.702446 0.031712 -0.128530 -0.022947 0.194982 0.105497 0.002647 -0.184340 -0.189979 -0.230432 -0.005286 -0.493318 0.601718 -0.029987 0.159933 0.058366 -0.293479 0.049214 -0.151455 -0.004174 0.084187 -0.656550 -0.171188 0.339492 0.315819 -0.302263 0.130260 0.104358 0.736539 0.429104 -0.116034 0.136792 -0.439450 0.264389 -0.104232 0.347838 0.412301 -0.086079 -0.127614 0.018824 0.451808 0.117153 -0.232610
[ -0.187146 -0.200959 0.030178 -0.297264 -0.222825 -0.003223 0.078615 -0.810696 0.176410 -0.276926 -0.319803 -0.176643 0.218429 -0.061823 -0.170943 -0.075901 -0.367382 -0.120262 -0.611803 0.610862 -0.010613 0.365430 -0.018885 -0.360291 -0.058191 -0.199762 -0.096458 0.120265 -0.763236 -0.144579 0.386413 0.221529 -0.195480 0.285182 0.070299 0.600570 0.283297 0.109291 0.200718 -0.385131 0.185613 -0.013099 0.296810 0.463634 0.032583 -0.029600 0.024085 0.666429 0.478073 -0.373409
] -0.193996 -0.364072 -0.146816 -0.502875 -0.187333 0.112753 0.164161 -0.894973 0.177022 -0.174840 -0.126816 -0.043153 0.280293 -0.027269 -0.188185 -0.131411 -0.266828 -0.005869 -0.437479 0.745942 -0.053223 0.299106 0.099486 -0.278135 0.036730 -0.139727 -0.172073 0.180781 -0.786242 -0.408558 0.181557 0.518294 -0.294403 0.289355 0.095903 0.707903 0.454241 -0.025068 0.181804 -0.309617 0.258060 -0.071945 0.367510 0.516736 0.035684 0.043733 -0.022140 0.775483 0.557872 -0.289461
##ct 0.437805 0.269583 0.384316 1.052130 -0.146961 -0.330635 -0.162690 1.429622 -0.641548 0.395436 0.268114 -0.271970 -0.121322 -0.614777 0.087619 -0.408798 -0.068517 -0.253714 0.291786 -0.775972 0.156980 -0.591001 0.131389 0.389096 -0.019854 0.446931 -0.337996 -0.534839 0.914583 0.500731 -1.103394 -0.984890 0.170141 0.229491 -0.246824 -0.760852 -0.617533 0.177517 -0.533636 0.364093 -0.239603 0.548577 -0.463231 -0.882827 0.054763 0.073343 0.571974 -0.665429 -0.251615 0.043715
##ru 0.414581 0.229776 0.324427 1.063866 -0.210659 -0.342795 -0.170587 1.356242 -0.635234 0.417012 0.212160 -0.245872 -0.145164 -0.643531 0.047103 -0.372688 -0.099997 -0.227719 0.199316 -0.668034 0.203911 -0.599496 0.184429 0.399781 -0.072382 0.475620 -0.317485 -0.541447 0.939583 0.518302 -1.106477 -0.980885 0.195298 0.316530 -0.273701 -0.708627 -0.653106 0.159095 -0.534238 0.230664 -0.256601 0.595931 -0.377367 -0.813126 -0.001231 0.055482 0.567411 -0.709581 -0.258868 0.026579
u 0.320408 -0.024622 0.244538 -0.022796 -0.345081 -0.362149 -0.267366 0.643936 -0.173756 0.200050 -0.151088 0.055851 -0.377629 -0.457646 -0.043343 -0.124789 -0.158111 -0.314635 -0.428656 -0.350914 0.064248 0.394429 -0.141820 -0.478173 0.365874 0.292700 -0.098644 -0.380554 0.252210 0.482753 -0.342876 -0.477243 -0.097160 -0.492321 0.016641 0.029792 -0.294623 -0.132256 0.003847 -0.085765 0.322137 0.438278 -0.189712 -0.354518 -0.179092 0.049834 0.272267 -0.284123 -0.203728 0.004565
8 0.351153 0.195961 0.251255 0.585346 0.586178 0.083299 -0.445797 0.777359 -0.107633 -0.442175 0.169150 0.052578 -0.252754 0.911700 0.245365 -0.646028 -0.195759 -0.193715 0.405366 -0.386473 0.234411 -0.694742 -0.040399 0.304598 -0.617039 -0.497983 0.216008 0.195160 0.158770 0.293343 0.585527 -0.579130 -0.032027 -0.091088 0.116996 -0.261016 -0.293669 -0.132559 0.168723 0.457668 -0.561881 -0.569526 -0.117858 -0.706490 0.033824 -0.429810 0.422006 -0.059753 -0.775908 0.258043
##st 0.068407 -0.032061 0.090912 0.758456 -0.445326 -0.463178 -0.400438 0.670290 -0.286947 0.383273 -0.137026 -0.128961 -0.493731 -0.411246 0.047225 0.344915 -0.098396 -0.137832 -0.281996 -0.049815 0.213607 0.053745 0.371776 -0.126385 -0.124851 0.596645 0.010693 -0.115353 0.919002 0.507705 -0.547754 -0.585322 0.367046 0.058819 -0.407409 -0.337145 -0.644374 -0.161158 -0.028303 -0.341070 -0.068684 0.631649 0.237905 -0.381694 -0.417613 -0.079204 0.368492 -0.865527 -0.525393 0.055051
t 0.175243 -0.114931 -0.067428 -0.018692 -0.448868 -0.271976 -0.249260 0.207794 -0.224152 0.168067 -0.109306 0.144547 -0.249176 -0.269565 -0.260676 -0.119923 -0.193677 -0.043327 -0.495333 -0.015868 0.038823 0.316239 0.038988 -0.405683 0.113010 0.216273 -0.088819 -0.070228 0.127615 0.337666 -0.187668 -0.158727 0.059736 -0.182239 -0.043389 0.067216 -0.171370 -0.014151 0.037758 -0.293271 0.231481 0.361753 0.069299 -0.006726 -0.226342 0.011832 0.201730 -0.216519 -0.295112 -0.216599
con 0.041777 0.037016 0.205471 0.642002 -0.349590 -0.426713 -0.344595 0.627048 -0.186443 0.327302 -0.216084 -0.203244 -0.408892 -0.414712 0.061811 0.380713 -0.079274 -0.158056 -0.219448 -0.164623 0.148049 0.180606 0.241050 -0.136493 -0.075601 0.533711 0.067291 -0.169270 0.814236 0.488483 -0.453703 -0.574308 0.322703 -0.043384 -0.339814 -0.391533 -0.608560 -0.061145 -0.001599 -0.258557 -0.025558 0.595794 0.097880 -0.336805 -0.326154 -0.038961 0.241291 -0.795018 -0.394257 0.051331
wc -0.057338 -0.043969 -0.122114 -0.011671 -0.309121 -0.109607 -0.209364 0.061635 0.005693 0.129834 -0.123664 0.048084 -0.235502 -0.071984 -0.261630 0.229678 -0.081381 0.081845 -0.278001 0.091708 0.082311 0.295922 0.065855 -0.260336 -0.010724 0.113972 0.107849 0.021225 0.118671 0.219698 0.088331 -0.136986 0.127765 -0.144559 -0.087613 0.016517 -0.192480 -0.061522 0.105145 -0.299217 0.124700 0.206737 0.081559 0.070776 -0.204688 -0.081474 -0.018776 -0.216951 -0.310042 -0.128951
" -0.075218 0.216617 -0.091891 0.109851 -0.025993 0.030320 0.075641 -0.248399 0.007867 -0.117690 -0.072927 0.236751 -0.028214 0.118591 -0.081589 0.220357 0.137770 0.165916 -0.029234 -0.045022 -0.064597 -0.044101 -0.113187 0.065433 -0.188609 -0.079141 0.159310 -0.042231 0.175981 0.113253 0.200147 -0.028661 0.285721 0.193019 -0.111830 -0.067849 -0.061067 0.064070 -0.052593 -0.336852 -0.136290 -0.161519 0.063447 0.260392 -0.035096 -0.109865 -0.114216 -0.378834 -0.106028 0.053201
item 0.402093 0.207886 0.207574 0.414244 -0.137960 -0.200888 -0.202462 0.891117 -0.519499 0.064019 0.174606 0.017187 -0.267962 -0.347886 -0.013865 -0.291005 -0.062919 -0.140597 -0.007704 -0.609635 0.072122 -0.056529 -0.113676 -0.058059 0.200877 0.183798 -0.220478 -0.223463 0.456486 0.497536 -0.376748 -0.493755 0.203872 -0.159344 -0.132043 -0.472825 -0.297339 0.101619 -0.238811 0.244789 0.040760 0.288868 -0.170503 -0.475738 0.012774 0.010877 0.249686 -0.333058 -0.375870 -0.121772
% -0.287399 0.030506 -0.456299 0.084164 -0.168670 0.063481 0.151942 -0.765018 -0.083837 -0.147097 -0.091448 0.467345 -0.046162 0.330941 -0.142951 0.387191 0.144821 0.307518 -0.149745 0.408888 -0.008299 -0.151744 0.154788 0.119816 -0.395520 -0.029445 0.201881 0.266444 0.158715 -0.062951 0.442641 0.235309 0.425768 0.566053 -0.242063 0.135943 0.010573 -0.047873 0.005396 -0.705695 -0.213595 -0.262676 0.569286 0.520188 -0.234340 -0.174306 -0.116719 -0.392611 -0.164549 0.019240
##0 -0.433711 0.047297 0.200090 -0.082733 0.670283 0.110802 0.363966 -0.608044 0.273534 -0.267458 -0.322322 -0.249957 0.412492 0.460169 0.093179 0.695842 0.297140 0.272357 0.634275 -0.154909 -0.219873 0.053559 -0.123163 0.446694 -0.321158 -0.166305 0.475328 0.321522 0.070106 -0.272876 0.668683 0.288879 0.269778 0.300894 -0.175596 -0.582075 0.110891 0.513788 -0.033822 0.090714 -0.192578 -0.402476 -0.121386 0.362588 0.158300 0.252208 -0.813724 -0.115632 0.446396 0.287937
##3 -0.168297 0.046523 0.264382 -0.210889 0.344720 0.040073 0.249147 -0.015174 0.196283 0.007803 -0.152839 -0.254092 0.263790 -0.002516 0.102559 0.312264 0.136846 -0.001884 0.424865 -0.308403 -0.178058 0.183803 -0.141896 0.161360 0.129307 0.036028 0.137233 -0.034859 0.023280 -0.207341 0.060482 0.035725 -0.002477 -0.104524 0.031757 -0.352821 0.034507 0.264201 -0.028960 0.304177 0.095939 -0.082663 -0.289921 0.006625 0.179349 0.259113 -0.435429 0.042901 0.415346 0.175922
! 0.013081 -0.035799 -0.057977 -0.596055 -0.046344 0.273225 -0.035388 -0.373263 0.420830 -0.024696 0.122333 -0.117416 0.324573 -0.049600 -0.274119 -0.299353 -0.035053 0.087034 -0.104017 0.383791 -0.131320 0.326233 -0.072721 -0.026398 0.208605 -0.112520 -0.273359 -0.000557 -0.686124 -0.308944 -0.336321 0.528724 -0.360380 -0.176002 0.369939 0.503785 0.311501 -0.175664 0.164011 0.132570 0.255866 0.035926 -0.146508 0.340180 0.260110 0.181630 0.025516 0.695122 0.475486 -0.093443
##2 -0.137145 0.179941 0.139619 -0.198685 0.323298 0.265715 0.106957 -0.196674 0.318802 -0.276840 -0.102171 -0.122526 0.119404 0.298972 -0.065466 0.177226 -0.008569 0.052343 0.166141 -0.086295 -0.054718 0.137928 -0.245640 0.071426 -0.167497 -0.335395 0.339387 0.091395 -0.264758 -0.022366 0.587979 -0.036350 -0.005107 -0.045978 0.101944 -0.059482 0.017218 0.158787 0.148968 -0.000470 -0.105814 -0.327325 -0.125594 0.211802 0.194329 -0.042339 -0.330020 0.149325 0.057531 0.083825
##6 -0.149245 0.054987 0.211723 -0.136118 0.347149 0.078909 0.277713 -0.047613 0.141408 -0.026504 -0.122463 -0.153071 0.216925 0.094610 0.063823 0.310423 0.189481 0.061335 0.480656 -0.300158 -0.178547 0.105041 -0.137025 0.188966 0.019287 0.018675 0.232888 0.012126 0.071055 -0.186012 0.129503 0.035269 0.034681 -0.050008 -0.003803 -0.382546 -0.029181 0.266073 -0.038136 0.222512 -0.019443 -0.147474 -0.235836 0.073871 0.151321 0.236228 -0.451622 -0.091918 0.315170 0.207618
##d -0.363246 0.011034 0.246914 -0.001350 0.584429 0.071031 0.528053 -0.278767 0.097743 0.010929 -0.272628 -0.175124 0.347797 0.192373 0.206327 0.783050 0.319056 0.200960 0.819899 -0.438887 -0.272000 0.017639 -0.077776 0.421593 -0.124707 0.089644 0.487239 0.136564 0.370699 -0.350548 0.400346 0.076214 0.321743 0.172897 -0.219398 -0.816730 -0.042049 0.546355 -0.153144 0.205445 -0.134521 -0.279714 -0.126097 0.188525 0.083513 0.332008 -0.841947 -0.419102 0.440788 0.337599
tree 0.256078 0.201948 0.243412 0.201410 -0.089178 -0.204010 -0.061842 0.546653 -0.336459 0.086026 -0.006185 -0.101298 -0.024955 -0.367620 -0.109238 -0.013771 0.041667 0.029563 0.027382 -0.626891 -0.085365 0.198744 -0.171964 -0.096861 0.295460 0.296425 -0.141681 -0.205202 0.370538 0.354568 -0.367277 -0.281093 0.232859 -0.184385 -0.110579 -0.503552 -0.247783 0.239312 -0.201539 0.209838 0.180358 0.337975 -0.270836 -0.148683 0.090768 0.226628 -0.001761 -0.322130 -0.008623 -0.103848
uc 0.170921 0.217924 0.082949 -0.220088 -0.109418 0.152461 -0.234891 0.179841 0.250531 -0.049485 0.124726 -0.102275 0.023359 -0.105809 -0.203516 -0.363106 -0.037457 -0.018766 -0.176240 -0.024602 -0.003236 0.257344 -0.225810 -0.122988 0.231345 -0.159894 -0.189985 -0.249625 -0.373724 0.141472 -0.300707 0.020748 -0.268003 -0.367847 0.276947 0.350802 0.035597 -0.190787 0.087580 0.145480 0.191373 0.153964 -0.364623 0.050145 0.216349 -0.020814 0.190419 0.356730 0.060571 -0.124672
# 0.184029 0.170011 -0.334004 -0.117472 -0.098923 0.268856 -0.145138 -0.126599 0.011654 -0.267322 0.188112 0.146544 0.007791 0.369443 -0.373022 -0.563951 -0.187607 0.243615 -0.256356 0.329740 0.198911 -0.226478 -0.049406 0.016511 -0.168151 -0.394704 -0.048010 0.170110 -0.467311 0.166199 0.139025 0.124422 -0.115825 0.154085 0.204183 0.643499 0.165622 -0.266774 0.100303 -0.104955 -0.140137 -0.196526 0.096910 0.278136 0.177035 -0.347870 0.256358 0.448084 -0.145806 -0.207879
\ -0.291370 -0.501405 -0.287123 -0.589787 0.140593 0.226593 0.468650 -0.828582 0.229404 0.169385 0.055440 0.105737 0.362738 -0.018236 0.072344 0.312058 0.219339 0.256150 0.349608 0.518567 -0.193203 0.167619 0.242219 0.227589 0.048839 0.136794 -0.027727 0.366972 -0.211703 -0.832868 -0.138918 0.919301 -0.065876 0.288876 -0.039208 0.164466 0.484814 0.070980 0.008582 -0.089783 0.077572 -0.226585 0.325029 0.504161 0.036524 0.378052 -0.493767 0.338659 0.609455 0.148934
| -0.028580 0.024874 -0.039315 -0.047631 -0.135540 0.048133 0.138876 -0.079506 -0.024727 0.114733 0.089937 -0.116097 0.037422 -0.252765 -0.055487 0.039219 -0.044799 0.139725 -0.001778 0.013891 -0.005357 0.154238 -0.007463 -0.066990 0.223509 0.102169 -0.094145 -0.111036 -0.078047 -0.113354 -0.299540 0.109209 -0.036677 0.064323 -0.074802 0.136764 0.168066 0.039214 -0.066114 0.016456 0.158530 0.076552 -0.099342 0.088040 0.032133 0.045724 -0.002892 0.184166 0.226499 -0.136065
character 0.157147 0.015517 -0.051765 0.619542 0.311200 -0.058090 -0.311240 0.369978 -0.290592 -0.311444 0.061374 0.215751 -0.322596 0.794636 0.212249 -0.270735 -0.134426 -0.050716 0.193133 -0.074981 0.238919 -0.694665 0.204554 0.269698 -0.642202 -0.284149 0.243614 0.377324 0.366708 0.195427 0.621967 -0.374183 0.230488 0.225378 -0.134046 -0.236497 -0.252700 -0.108427 0.089162 0.033243 -0.572126 -0.427173 0.312934 -0.447874 -0.205016 -0.409319 0.308726 -0.341883 -0.805324 0.170250
to 0.098419 0.068724 0.072722 0.219166 0.182445 -0.010448 -0.248704 0.120550 -0.030343 -0.261495 -0.102476 0.058896 -0.136217 0.471766 0.041601 -0.149852 -0.095138 -0.017532 0.030374 -0.059510 0.106708 -0.161039 0.007667 0.060672 -0.304018 -0.225647 0.189298 0.195131 0.067758 0.158792 0.407191 -0.189262 0.119127 -0.007345 -0.019137 -0.114140 -0.165845 0.019125 0.124557 -0.000301 -0.249395 -0.182113 0.091531 -0.168758 -0.051049 -0.135524 0.107433 -0.117530 -0.387635 0.067380
x -0.332772 -0.031729 -0.672983 0.159322 -0.314270 -0.063626 0.054752 -0.900962 -0.122456 -0.110831 0.168343 0.173424 0.092833 0.079068 -0.046942 0.423033 0.286848 0.292856 -0.321947 0.795760 -0.039055 -0.167991 0.372584 -0.019326 -0.201001 -0.039195 -0.031605 0.267028 0.001766 -0.177933 0.194891 0.593357 0.259262 0.536217 -0.230375 0.301018 0.123619 -0.187694 0.030478 -0.390370 -0.218327 -0.040351 0.579679 0.605126 -0.135588 -0.124235 0.047482 -0.055170 0.165325 -0.294870
##7 -0.297659 0.031453 0.301360 -0.114134 0.605747 0.070802 0.522464 -0.151031 0.096168 0.000394 -0.264180 -0.244570 0.346084 0.135796 0.204976 0.713151 0.331401 0.196256 0.860297 -0.554966 -0.291505 0.062221 -0.137690 0.380741 -0.034282 0.092767 0.452265 0.104364 0.353206 -0.306263 0.315535 0.048510 0.265525 0.060885 -0.175697 -0.853078 -0.064623 0.565615 -0.153400 0.305940 -0.069103 -0.244580 -0.258785 0.148771 0.172808 0.395967 -0.866010 -0.360797 0.503701 0.349352
ch 0.016746 0.197140 -0.149219 -0.250082 -0.086020 0.197887 -0.115020 -0.234218 0.236681 -0.068027 0.101349 0.003902 0.110389 0.038397 -0.312752 -0.133499 0.061033 0.264362 -0.125991 0.224414 -0.064546 0.184286 -0.070240 0.021837 0.053455 -0.104726 -0.107131 -0.025560 -0.286351 0.014590 -0.202275 0.278952 -0.071243 -0.073010 0.226247 0.317856 0.101341 -0.169506 0.046801 -0.039228 0.046636 0.064006 -0.138499 0.384089 0.168760 0.050775 0.019793 0.160131 0.142466 -0.108363
set 0.366026 0.209235 0.143449 0.120975 -0.235044 -0.115087 -0.181324 0.682589 -0.301024 0.170458 0.227026 0.000104 -0.189323 -0.431001 -0.142155 -0.299017 -0.038291 -0.026003 -0.108844 -0.525335 0.005971 0.140167 -0.187384 -0.197039 0.405456 0.178112 -0.251546 -0.335126 0.204990 0.379218 -0.556520 -0.279049 0.022993 -0.329980 0.003462 -0.122749 -0.122638 -0.017575 -0.123930 0.212081 0.241687 0.354784 -0.301438 -0.286524 0.045039 0.003153 0.308111 -0.101838 -0.206923 -0.149361
##lo -0.479065 -0.002404 -0.681832 0.324052 -0.197804 -0.120412 0.157240 -1.054774 -0.189259 -0.188119 0.023652 0.158200 0.072343 0.200063 0.023455 0.733369 0.375318 0.377995 -0.218000 0.694295 -0.039019 -0.239293 0.389481 0.053492 -0.359374 -0.068933 0.184847 0.373243 0.222479 -0.148438 0.471065 0.508931 0.498238 0.679166 -0.430914 0.030566 0.053214 -0.031021 -0.002102 -0.505820 -0.371641 -0.122936 0.665634 0.670542 -0.198100 -0.188464 -0.161732 -0.319908 0.093108 -0.206571
for -0.075029 -0.207864 -0.189932 -0.252747 -0.054833 0.069715 0.001123 -0.303075 0.132019 -0.016782 0.019660 0.149411 -0.009340 0.115606 0.123448 -0.017311 -0.012161 -0.048726 -0.103083 0.347826 0.008139 -0.009584 0.136902 -0.020596 -0.054546 -0.098240 0.057716 0.109295 -0.203055 -0.201680 0.200231 0.241875 -0.180711 0.025443 0.069753 0.309529 0.224693 -0.143769 0.113194 -0.158363 0.018568 -0.143958 0.213616 0.065411 -0.117213 -0.068864 -0.017483 0.151034 -0.069988 0.012980
from 0.134930 0.054115 0.095498 0.488493 0.093577 -0.179870 -0.207435 0.346985 -0.272246 -0.139765 -0.070518 0.026611 -0.238298 0.304128 0.134253 -0.047896 -0.115061 -0.055940 0.053974 -0.225912 0.106467 -0.243403 0.091562 0.091930 -0.279317 -0.037784 0.103725 0.156142 0.393489 0.250925 0.250587 -0.344230 0.278577 0.116218 -0.198269 -0.354375 -0.273368 0.077105 -0.020145 0.037645 -0.270651 -0.056244 0.144029 -0.324145 -0.143165 -0.142498 0.143985 -0.355089 -0.422579 0.036259
static 0.278712 -0.060797 0.015494 0.407347 -0.207922 -0.252817 -0.125255 0.679013 -0.480778 0.271026 0.183201 0.121565 -0.281289 -0.364727 0.167296 -0.300637 -0.072730 -0.217364 -0.096189 -0.252739 0.144220 -0.317785 0.144569 -0.021985 0.102450 0.297752 -0.230295 -0.225120 0.480725 0.243347 -0.472444 -0.413727 -0.006293 0.005573 -0.146817 -0.187708 -0.192121 -0.079149 -0.235824 0.059083 -0.024409 0.283149 -0.038728 -0.515277 -0.162455 -0.074980 0.401353 -0.364017 -0.332214 0.000567
##fa -0.339218 -0.002921 0.085006 -0.100604 0.505049 0.124945 0.421103 -0.400191 0.133576 -0.092878 -0.151882 -0.158500 0.291475 0.274191 0.091045 0.585427 0.250206 0.223857 0.613318 -0.168215 -0.207602 -0.047545 -0.024968 0.330385 -0.153843 -0.023700 0.347874 0.209965 0.118201 -0.349461 0.407501 0.182849 0.201844 0.148802 -0.145764 -0.488232 0.078111 0.347704 -0.018914 0.121292 -0.106121 -0.325042 -0.046861 0.228036 0.086842 0.185284 -0.653119 -0.149247 0.339890 0.223560
##ff -0.281092 -0.142969 -0.232565 -0.265899 0.211292 0.252368 0.403625 -0.602246 0.217953 -0.010229 0.064566 0.022306 0.252322 0.194449 0.030737 0.356839 0.279883 0.282562 0.183889 0.103327 -0.040200 -0.017241 0.024331 0.201661 0.000254 -0.045855 0.271467 0.172429 -0.060566 -0.506677 0.121123 0.495664 -0.012805 0.202706 -0.197877 0.120341 0.232542 0.163239 -0.116912 -0.209634 -0.085222 -0.200034 0.086503 0.368150 0.013761 0.215032 -0.486319 0.110973 0.284086 0.143308
##of 0.073382 0.038190 0.361045 -0.188381 0.001520 -0.059241 -0.359687 -0.033671 0.525874 -0.253196 -0.447114 -0.222756 -0.149436 0.319912 -0.069423 -0.146793 -0.251294 -0.299841 -0.335804 0.084974 0.147826 0.472983 -0.151657 -0.328966 -0.111127 -0.305799 0.196438 0.074998 -0.394149 0.193011 0.369594 -0.198964 -0.209230 -0.413252 0.300564 0.265916 -0.202302 -0.035408 0.429958 -0.053774 -0.005518 0.017780 -0.107143 -0.077422 0.030849 -0.043444 0.111017 0.338184 -0.054935 0.019930
else 0.077195 -0.021992 -0.161879 -0.336041 -0.075397 0.223246 -0.114145 -0.072325 0.268399 0.005105 0.182011 0.121639 -0.002019 -0.015691 -0.007788 -0.346146 -0.083568 -0.146244 -0.272682 0.311872 0.065525 0.021934 -0.062187 -0.131636 0.065128 -0.205261 -0.114827 -0.108704 -0.511268 -0.042086 -0.014131 0.203272 -0.416310 -0.184292 0.313848 0.641015 0.229168 -0.295357 0.128803 -0.060804 0.038017 -0.105341 -0.038472 0.025063 0.071535 -0.162488 0.277634 0.441180 -0.071245 -0.089070
get 0.300014 -0.067241 0.119388 0.335158 -0.028798 -0.179309 -0.359473 0.728443 -0.200713 0.057820 0.153950 0.109215 -0.357113 0.113729 0.243806 -0.447541 -0.142209 -0.275940 -0.012647 -0.191799 0.246051 -0.291839 0.133093 -0.101086 -0.026493 0.014771 -0.170366 -0.040250 0.271920 0.199252 -0.130262 -0.364862 -0.144109 -0.268193 0.050875 -0.040674 -0.223162 -0.241521 0.035796 0.255558 -0.090943 0.022545 -0.018831 -0.669176 -0.152983 -0.182103 0.441101 -0.094236 -0.506265 0.141333
me -0.049852 0.132451 -0.253192 -0.126816 -0.062605 0.235519 0.055029 -0.331618 0.088735 -0.003182 -0.009656 0.179077 -0.132285 -0.029810 -0.034243 -0.004951 0.031131 0.265138 -0.184086 0.035419 -0.119369 0.008262 -0.371588 0.053067 -0.159601 -0.308785 0.324340 0.079274 -0.255052 0.256015 0.340582 0.096731 0.244392 0.073802 0.130918 0.295411 0.149884 -0.023027 0.114698 -0.397365 -0.224900 -0.218681 0.001925 0.374458 -0.113519 -0.299909 0.048320 -0.154748 -0.538939 -0.067944
out -0.218083 -0.245218 -0.297169 -0.322188 -0.227530 0.107550 0.119818 -0.633909 0.074441 0.045236 -0.053283 0.183652 -0.005132 -0.077992 0.001277 0.057413 -0.098081 -0.056602 -0.398455 0.552468 0.021105 0.110235 0.071289 -0.160482 -0.002911 -0.035742 -0.028167 0.057486 -0.428642 -0.224208 0.271907 0.322940 -0.137985 0.162791 0.049100 0.519408 0.287096 -0.066043 0.038895 -0.408335 0.080177 -0.133650 0.353399 0.309664 -0.128902 -0.097816 0.030502 0.290105 0.095979 -0.158043
##44 -0.082481 0.050106 0.082204 -0.023333 0.281831 0.091663 0.227457 -0.042344 0.034211 0.000984 -0.011148 -0.064913 0.161723 0.084346 0.098147 0.213711 0.177182 0.115035 0.437075 -0.237335 -0.116011 -0.080685 -0.035178 0.212776 -0.036225 0.032247 0.145460 0.023007 0.131112 -0.175798 0.102776 0.009060 0.086745 0.025840 -0.052525 -0.315999 0.015375 0.186293 -0.068902 0.186466 -0.054466 -0.165073 -0.123801 0.033530 0.080349 0.142574 -0.318161 -0.166387 0.189251 0.160890
##5 -0.128809 0.064944 0.226296 -0.153144 0.321728 0.072511 0.238556 -0.067979 0.152661 0.002337 -0.148131 -0.165391 0.214497 0.039134 0.071683 0.292749 0.134746 0.045366 0.398833 -0.263774 -0.168631 0.110382 -0.131870 0.138327 0.042462 0.018920 0.195301 -0.018506 0.053855 -0.161533 0.120639 0.012503 0.051166 -0.072031 -0.010168 -0.343017 -0.016324 0.256853 -0.016687 0.220138 0.006886 -0.106538 -0.210445 0.062983 0.133163 0.204313 -0.424200 -0.071508 0.302712 0.149935
##b -0.190726 -0.001926 0.019803 -0.028987 0.226810 0.065510 0.221242 -0.230709 0.063966 -0.059721 -0.111826 -0.014038 0.125700 0.167391 0.023326 0.313365 0.138238 0.118865 0.269725 -0.087818 -0.090306 0.007675 -0.025679 0.166093 -0.112705 -0.033943 0.244250 0.101149 0.100742 -0.143266 0.250122 0.102142 0.138556 0.129878 -0.081496 -0.242756 -0.007538 0.193314 -0.017231 -0.021866 -0.111426 -0.159153 0.009007 0.181127 0.039182 0.089443 -0.333552 -0.162515 0.121040 0.127338
done 0.377751 0.040151 0.179825 -0.043953 -0.252049 -0.061727 -0.108504 0.751218 -0.129823 0.319680 0.292758 0.000585 -0.097746 -0.567201 -0.010436 -0.450646 -0.073605 -0.241304 -0.098482 -0.314773 0.061052 0.093308 -0.095722 -0.200543 0.480132 0.239493 -0.407088 -0.446751 0.026154 0.180203 -0.776524 -0.218493 -0.320483 -0.390139 0.171097 0.102676 -0.041249 -0.168850 -0.129428 0.334911 0.304213 0.315592 -0.328407 -0.433629 0.101591 0.041754 0.378652 0.187102 0.011762 -0.066424
end -0.001438 0.071279 -0.348679 -0.135566 -0.186221 0.150482 -0.145171 -0.268357 0.065938 -0.102293 0.195481 0.101210 0.039085 0.199116 -0.242386 -0.283041 -0.052309 0.214367 -0.223610 0.425335 0.075710 -0.139948 0.077252 0.026635 -0.060385 -0.166116 -0.161995 0.149264 -0.295320 -0.026907 -0.083592 0.257269 -0.083197 0.111690 0.145492 0.456677 0.187360 -0.314090 0.083244 -0.089223 -0.005880 -0.047312 0.144130 0.220290 0.060794 -0.205169 0.183326 0.313047 -0.068988 -0.131520
have 0.227026 0.195819 0.037093 -0.134359 0.137169 0.229766 -0.258736 0.062794 0.200790 -0.264983 0.116193 0.012331 0.048148 0.251989 -0.150088 -0.565296 -0.181973 -0.050802 -0.155585 0.059258 0.066826 -0.042412 -0.185391 -0.029627 -0.101747 -0.395576 -0.046547 -0.026714 -0.513580 0.156931 0.152039 -0.010828 -0.266577 -0.165778 0.321498 0.387315 0.044948 -0.118120 0.158040 0.092176 -0.061901 -0.131919 -0.207879 0.051914 0.220643 -0.170600 0.292448 0.395071 -0.148440 -0.075803
of -0.072097 0.031702 -0.033868 0.271863 0.144413 -0.005016 -0.138579 -0.182542 -0.019872 -0.242987 -0.128598 0.027534 -0.125630 0.481728 0.035309 0.157945 -0.030744 0.086579 -0.039750 0.105045 0.130036 -0.249316 0.039909 0.107585 -0.376779 -0.174688 0.197314 0.247068 0.115783 0.087256 0.545292 -0.085248 0.268418 0.210472 -0.077899 -0.166500 -0.203731 0.055551 0.113152 -0.224751 -0.272270 -0.201944 0.214261 -0.035832 -0.117146 -0.186647 0.040067 -0.164259 -0.357116 0.069742
rb 0.297473 -0.009686 -0.027350 0.157919 -0.309814 -0.182833 -0.152735 0.507794 -0.362219 0.185817 0.207064 0.169438 -0.226705 -0.378807 0.035041 -0.264866 -0.048360 -0.132998 -0.213540 -0.234368 0.055961 -0.024797 0.030728 -0.208858 0.272222 0.247251 -0.285076 -0.197706 0.242929 0.266788 -0.424122 -0.150442 -0.010173 -0.174031 -0.053284 -0.044742 -0.068905 -0.090606 -0.141589 0.067504 0.175366 0.278686 -0.013551 -0.304859 -0.096692 -0.024398 0.323028 -0.151850 -0.302807 -0.128358
##4 -0.321482 0.016867 0.238929 -0.075503 0.515843 0.070717 0.437997 -0.246919 0.145584 -0.054743 -0.249490 -0.250382 0.328101 0.170397 0.158999 0.642770 0.238695 0.132394 0.661561 -0.356609 -0.233934 0.051722 -0.108760 0.311463 -0.094707 0.026632 0.381143 0.106463 0.212283 -0.283800 0.364315 0.058820 0.216081 0.104561 -0.163488 -0.630891 -0.006263 0.447171 -0.048814 0.220514 -0.083095 -0.246153 -0.178262 0.119036 0.125930 0.260672 -0.726359 -0.212267 0.444065 0.274863
##e -0.322856 0.009603 0.168309 0.009755 0.503173 0.041245 0.506063 -0.247808 0.019557 -0.013074 -0.221660 -0.186628 0.299987 0.151261 0.163956 0.753409 0.333552 0.238642 0.738213 -0.419940 -0.254003 -0.009715 -0.057515 0.375426 -0.099849 0.084449 0.435785 0.168551 0.396656 -0.296966 0.328992 0.064178 0.372890 0.196064 -0.263150 -0.797003 -0.051485 0.519097 -0.157361 0.145756 -0.135735 -0.229810 -0.102505 0.196963 0.090799 0.307020 -0.779018 -0.420983 0.379982 0.289665
##en -0.290218 -0.206494 -0.468993 -0.019100 -0.125482 0.103514 0.197566 -0.634177 -0.169138 0.070474 -0.022206 0.328124 -0.039798 0.101907 0.018076 0.191448 -0.043597 0.067723 -0.236304 0.501598 0.077621 -0.217020 0.203766 0.072603 -0.227387 0.055387 0.017120 0.179354 -0.151828 -0.249721 0.405493 0.265356 0.120213 0.442243 -0.132405 0.271782 0.210031 0.040714 -0.167622 -0.458835 -0.102897 -0.260617 0.556535 0.318044 -0.199403 -0.146109 -0.022234 0.035524 -0.028315 -0.121046
##real -0.427563 -0.022230 -0.729753 0.334434 -0.188601 -0.082982 0.141180 -1.021666 -0.253332 -0.188666 0.067158 0.239033 0.055848 0.263513 -0.001500 0.635444 0.346048 0.399949 -0.211470 0.723660 -0.025580 -0.308038 0.414440 0.098399 -0.408571 -0.061645 0.175609 0.420181 0.227741 -0.150505 0.503618 0.529850 0.510522 0.749592 -0.404844 0.067184 0.032332 -0.021089 -0.032212 -0.536181 -0.407477 -0.173746 0.732531 0.678188 -0.207375 -0.164004 -0.110306 -0.337945 0.028654 -0.221169
a 0.021107 -0.152232 -0.165094 0.542722 0.126773 -0.141349 -0.173735 0.209588 -0.288527 -0.064798 0.075560 0.222454 -0.332279 0.503354 0.298254 -0.040679 -0.021287 -0.042373 0.119363 0.023569 0.198582 -0.607717 0.318138 0.163232 -0.447951 -0.054699 0.098507 0.331712 0.482328 0.049787 0.353366 -0.200195 0.243566 0.245449 -0.201391 -0.233848 -0.209621 -0.134754 0.001496 -0.043909 -0.428142 -0.269314 0.388387 -0.405208 -0.319594 -0.260903 0.240828 -0.396374 -0.646242 0.193665
en 0.190047 0.063548 -0.127516 0.526979 0.013248 -0.090075 0.063349 0.255937 -0.522838 0.162613 0.229351 0.270031 -0.262432 -0.032506 0.207589 -0.137635 0.117859 0.010068 0.056888 -0.161965 0.090496 -0.495091 0.174922 0.089279 -0.101564 0.133820 -0.060739 0.112736 0.494322 0.046376 -0.065934 -0.166817 0.175098 0.224169 -0.072368 -0.289064 -0.184448 0.083246 -0.326785 0.161646 -0.253891 -0.100427 0.070350 -0.289083 -0.167822 -0.092602 0.215028 -0.529254 -0.394368 0.147267
len -0.107721 -0.131258 -0.024371 -0.240952 0.042164 0.058363 0.165403 -0.211188 0.074199 0.066644 -0.028727 0.038869 0.044827 -0.052177 0.080491 0.022574 -0.040799 -0.093949 -0.050363 0.080636 -0.028376 0.050928 -0.050864 -0.097296 0.081331 -0.030126 0.053750 -0.060031 -0.190272 -0.159441 0.144468 0.078150 -0.178491 -0.032453 0.078420 0.180996 0.204923 0.014393 0.007151 -0.033868 0.122689 -0.120957 -0.000174 0.023444 -0.002866 0.014287 -0.077340 0.159505 0.146141 0.029932
sl -0.273381 -0.179375 -0.432379 0.005955 -0.099874 0.089465 0.195503 -0.587379 -0.176465 0.063225 -0.035924 0.316217 -0.043841 0.112924 0.021070 0.205952 -0.031601 0.069441 -0.199733 0.419386 0.063265 -0.207991 0.177328 0.079021 -0.231356 0.054309 0.038610 0.179839 -0.109673 -0.217603 0.414063 0.223899 0.156722 0.419688 -0.142084 0.200050 0.179220 0.082741 -0.172157 -0.437942 -0.112880 -0.259070 0.518787 0.296544 -0.189322 -0.130082 -0.046065 -0.015631 -0.056448 -0.110175
##47 -0.116062 0.029479 0.063092 -0.008766 0.249680 0.080395 0.240286 -0.083407 0.024877 -0.007177 -0.039304 -0.046033 0.151042 0.129945 0.083368 0.277695 0.140644 0.094090 0.394763 -0.203728 -0.106446 -0.092025 -0.044227 0.228327 -0.062612 0.003721 0.193884 0.054085 0.162752 -0.152304 0.156714 0.032903 0.121736 0.064911 -0.099111 -0.316807 0.008983 0.217580 -0.048768 0.140185 -0.065406 -0.160703 -0.092143 0.054620 0.080301 0.118412 -0.322921 -0.149534 0.156370 0.128293
##mc -0.169395 0.127448 -0.402825 0.016671 -0.023141 0.230397 0.139148 -0.539909 -0.038684 -0.039414 -0.054108 0.256804 -0.143233 0.097804 -0.033015 0.184132 0.109290 0.460854 -0.102758 0.078304 -0.138750 -0.139473 -0.307675 0.201082 -0.348447 -0.321620 0.463914 0.256239 -0.069376 0.243989 0.530277 0.162972 0.503907 0.311669 -0.013092 0.129041 0.125726 0.060458 0.081516 -0.540309 -0.387667 -0.299962 0.176443 0.525596 -0.213740 -0.356443 -0.069428 -0.399975 -0.666475 -0.052531
##um 0.223085 0.159484 -0.070258 0.580236 0.033276 -0.080380 0.084482 0.377979 -0.548713 0.187824 0.283665 0.207074 -0.200977 -0.095139 0.169088 -0.134158 0.164369 0.052059 0.169927 -0.304699 0.049838 -0.505554 0.127812 0.158832 -0.053487 0.175199 -0.095676 0.045911 0.556234 0.066610 -0.200716 -0.211984 0.210522 0.216449 -0.081021 -0.410003 -0.217725 0.127564 -0.391462 0.262605 -0.241329 -0.063324 -0.054353 -0.307527 -0.092372 -0.044892 0.197853 -0.569471 -0.330283 0.147049
null -0.062264 -0.010567 0.005358 -0.349461 -0.080905 0.062029 0.055221 -0.285609 0.201777 -0.006678 -0.073390 -0.081064 0.176434 -0.130495 -0.105069 0.023772 0.029505 0.008539 -0.131199 0.155745 -0.132424 0.312198 -0.097368 -0.100809 0.186393 -0.021462 -0.050148 -0.048737 -0.312999 -0.095614 -0.062743 0.250383 -0.153058 -0.118076 0.146865 0.210660 0.136750 -0.006441 0.084466 -0.006778 0.208054 0.059508 -0.095664 0.245261 0.064705 0.122242 -0.096221 0.285494 0.322435 -0.100659
state 0.310244 0.193315 0.030332 0.337588 -0.138250 -0.131486 -0.006600 0.729451 -0.517591 0.283618 0.361772 0.088481 -0.083090 -0.445722 -0.006403 -0.256606 0.155807 0.022755 0.175576 -0.526124 -0.044820 -0.198979 -0.024023 0.073342 0.336184 0.348505 -0.347970 -0.250170 0.469611 0.186523 -0.694533 -0.199023 0.082083 -0.084993 -0.066284 -0.408890 -0.143609 0.026455 -0.384321 0.406837 0.112895 0.276611 -0.273502 -0.341734 0.016924 0.116348 0.248244 -0.345459 -0.134086 -0.070850
string 0.037784 -0.062045 -0.169421 0.453505 0.275207 -0.011639 -0.179267 0.088453 -0.231451 -0.254879 0.064636 0.206760 -0.201207 0.660774 0.157900 -0.153799 -0.054335 0.082101 0.165108 0.050826 0.168885 -0.613497 0.212258 0.238946 -0.520953 -0.227451 0.160259 0.409520 0.275253 0.067564 0.486930 -0.142920 0.237569 0.301598 -0.125927 -0.161808 -0.148908 -0.091439 0.052883 -0.041517 -0.470951 -0.357920 0.350419 -0.229630 -0.178480 -0.264763 0.184807 -0.231981 -0.587717 0.152923
the -0.200768 -0.244972 -0.351253 0.198905 0.023554 -0.061090 -0.035857 -0.503104 -0.123215 -0.170684 -0.157908 0.224559 -0.133662 0.471588 0.016420 0.275075 0.028714 0.191942 -0.085114 0.450751 0.134034 -0.351321 0.300728 0.088649 -0.382471 -0.075773 0.176834 0.499806 0.169977 -0.117775 0.554708 0.129553 0.348992 0.443868 -0.228840 -0.023499 -0.032052 -0.019846 0.092212 -0.391179 -0.274560 -0.192409 0.610348 0.127685 -0.310629 -0.131004 -0.053180 -0.234474 -0.352645 0.008869
while -0.001701 -0.052719 -0.238310 -0.069851 -0.265216 0.059089 -0.091771 -0.072780 0.012407 0.098677 0.154796 0.120726 -0.069277 -0.145849 -0.107027 -0.121588 -0.048083 0.009872 -0.261935 0.296426 0.074318 -0.000241 0.058143 -0.083234 0.072628 0.027857 -0.208023 -0.087639 -0.164907 0.027134 -0.226740 0.119174 -0.134651 0.012805 0.045651 0.375062 0.115511 -0.283065 0.037264 -0.145219 0.064911 0.098602 0.105318 0.065121 -0.061476 -0.113501 0.226703 0.173383 -0.074616 -0.116536
##car -0.440223 0.004497 -0.669575 0.441738 -0.210097 -0.118967 0.120509 -0.963375 -0.245312 -0.182563 -0.064112 0.252031 -0.062280 0.263066 0.027722 0.711961 0.341139 0.355414 -0.210586 0.582243 0.034443 -0.291066 0.379357 0.100438 -0.441241 -0.087650 0.265679 0.401533 0.348059 -0.071587 0.577883 0.371322 0.595109 0.690882 -0.480298 -0.052899 -0.007672 -0.004652 -0.050123 -0.616288 -0.455089 -0.157404 0.713555 0.623817 -0.293299 -0.261457 -0.160678 -0.497049 -0.115897 -0.141397
##n -0.209445 -0.004166 -0.126689 0.032280 0.025233 0.039266 0.224571 -0.315808 0.043770 0.039032 -0.083499 -0.032277 0.115746 -0.024636 -0.042852 0.299413 -0.008519 0.161496 0.084745 0.102145 -0.046566 -0.085436 0.065814 0.230526 -0.149355 0.068075 0.106701 0.011997 0.053147 -0.120645 0.098898 0.054079 0.224003 0.375781 -0.196022 -0.065257 0.050367 0.093196 -0.143422 -0.325854 -0.105566 0.038687 0.194569 0.205143 -0.097063 0.039891 -0.220479 -0.109418 0.088756 0.026017
##ray -0.393895 0.008682 -0.559766 0.317270 -0.243828 -0.098049 0.091868 -0.842914 -0.135682 -0.135514 -0.087150 0.208236 -0.062840 0.153246 0.024079 0.629513 0.282327 0.257747 -0.243986 0.517819 0.019358 -0.159933 0.292732 0.032510 -0.323992 -0.076805 0.207490 0.290220 0.232401 -0.053360 0.470216 0.325974 0.461599 0.517301 -0.373035 0.033897 0.029449 -0.050768 -0.013619 -0.560843 -0.334322 -0.097283 0.581181 0.555622 -0.262967 -0.245417 -0.138037 -0.379176 -0.084689 -0.140260
##tr -0.014991 0.137744 -0.161274 0.333499 -0.233144 -0.104647 -0.034215 0.127792 -0.278929 0.147656 0.113351 0.092217 -0.168656 -0.230469 -0.009077 0.195376 0.061728 0.136825 -0.082574 -0.100270 -0.009355 -0.065872 0.092944 0.039200 0.005248 0.248859 -0.008819 -0.061182 0.451873 0.189441 -0.265454 -0.060339 0.296270 0.115489 -0.272925 -0.171727 -0.125956 -0.044491 -0.129530 -0.193961 -0.033978 0.215660 0.162731 0.028670 -0.127528 -0.122655 0.067061 -0.481534 -0.251486 -0.113519
: -0.198328 -0.066891 -0.341250 0.011067 -0.165821 0.068565 0.085782 -0.538321 -0.049862 -0.054418 -0.004367 0.325382 -0.059314 0.169661 -0.025351 0.175092 0.041171 0.144380 -0.213530 0.387280 0.018578 -0.125851 0.154086 -0.008536 -0.209529 -0.029109 0.066483 0.162919 -0.010217 -0.104733 0.271050 0.223786 0.182698 0.350548 -0.105899 0.275776 0.105828 -0.114373 0.029424 -0.497221 -0.108407 -0.185366 0.462319 0.302135 -0.177749 -0.171678 0.041330 -0.137212 -0.133642 -0.014552
or -0.196267 -0.097596 -0.075770 0.154958 0.044030 -0.091481 0.058417 -0.368760 -0.045697 -0.080104 -0.263258 0.021897 -0.062450 0.242497 0.045352 0.485058 0.090304 0.135730 -0.013414 0.147974 0.019161 -0.074301 0.115664 0.072312 -0.223693 0.047440 0.240982 0.250098 0.251406 -0.060643 0.441406 0.029101 0.354649 0.284056 -0.187521 -0.272067 -0.161215 0.179656 0.028602 -0.317693 -0.149862 -0.051614 0.328657 0.118010 -0.192794 -0.012290 -0.189367 -0.310711 -0.137253 0.024146
##46 -0.081255 0.015823 0.042068 -0.019350 0.241535 0.067226 0.181614 -0.071968 -0.003839 0.000803 -0.018911 -0.029041 0.107438 0.078568 0.072643 0.190994 0.118528 0.082638 0.331916 -0.152783 -0.092841 -0.058990 -0.021732 0.168641 -0.037968 0.016761 0.143194 0.042655 0.121791 -0.140673 0.116486 0.046704 0.078880 0.044230 -0.060243 -0.242110 0.024631 0.158453 -0.048204 0.125732 -0.068549 -0.134296 -0.057077 0.057342 0.054805 0.080541 -0.276424 -0.132296 0.136079 0.137296
##64 -0.038483 0.042048 -0.000885 0.068350 0.146602 0.046185 0.136130 0.033452 -0.057850 0.027185 0.053480 0.001987 0.077007 0.038388 0.072340 0.111082 0.105939 0.095568 0.269516 -0.177161 -0.048186 -0.125174 0.014604 0.167272 -0.044885 0.029454 0.071851 0.022760 0.172696 -0.088472 0.019774 -0.003823 0.070029 0.068750 -0.088053 -0.246779 -0.004789 0.138287 -0.072967 0.110297 -0.073067 -0.087598 -0.068856 0.002101 0.035829 0.036737 -0.155827 -0.169323 0.066755 0.099475
##bu -0.213769 -0.086911 -0.459609 0.307405 -0.240573 -0.122441 0.234668 -0.627577 -0.340019 0.049898 -0.001889 0.388605 -0.161274 0.085850 0.031417 0.526745 0.118100 0.418575 -0.172764 0.304235 -0.064051 -0.340765 0.296273 0.061014 -0.278268 0.097071 0.090043 0.284627 0.504094 -0.054282 0.145193 0.269115 0.664669 0.599081 -0.486344 -0.142144 0.109074 0.104953 -0.229569 -0.740494 -0.261180 -0.066539 0.662327 0.512006 -0.236999 -0.175396 -0.118452 -0.694449 -0.239657 -0.059301
##end -0.041045 0.185393 -0.228930 0.244189 -0.085283 0.033082 0.068269 0.016667 -0.310943 0.016498 0.186686 0.158207 0.050292 -0.119932 -0.172224 0.080108 0.237757 0.357324 0.148727 -0.149155 -0.047528 -0.130528 -0.067290 0.174315 0.056442 0.134155 -0.026742 -0.016370 0.267435 0.088840 -0.184787 0.092407 0.249076 0.146687 -0.249550 -0.255715 0.032525 0.088499 -0.125509 -0.049929 -0.015502 0.155943 0.055914 0.154256 -0.003907 -0.020290 -0.126979 -0.411682 -0.142980 -0.058576
##g -0.234597 -0.028556 -0.456797 0.232443 -0.228892 -0.049652 0.211407 -0.650476 -0.197369 0.026110 0.016144 0.367665 -0.100681 0.079471 0.010669 0.483575 0.139281 0.388311 -0.164114 0.347890 -0.077452 -0.283383 0.235258 0.082718 -0.269897 0.036843 0.087276 0.210957 0.367090 -0.073297 0.131808 0.297004 0.553341 0.527453 -0.386075 -0.036061 0.141921 0.039569 -0.166932 -0.676837 -0.237917 -0.089922 0.551644 0.521941 -0.199520 -0.191245 -0.124754 -0.566306 -0.180033 -0.053306
##har 0.027132 -0.123591 -0.313176 0.230841 -0.449532 -0.231550 -0.204986 0.044714 -0.363150 0.164440 -0.025628 0.273795 -0.339060 -0.114237 -0.256591 0.150334 -0.098665 0.160215 -0.394531 0.130233 0.124092 0.058947 0.219318 -0.243009 -0.092064 0.219228 0.010954 0.105604 0.358704 0.284349 0.008984 -0.114312 0.325038 0.123563 -0.275767 -0.030094 -0.205604 -0.052986 -0.027335 -0.489876 0.036983 0.243778 0.342475 0.078321 -0.340979 -0.159645 0.147836 -0.461523 -0.519717 -0.209152
##py -0.172341 0.137713 -0.309775 -0.010847 -0.017292 0.201128 0.137723 -0.453636 0.020507 -0.016908 -0.042089 0.187550 -0.087565 0.047633 -0.023245 0.211266 0.119656 0.383707 -0.055775 0.043950 -0.139204 -0.072602 -0.270422 0.176212 -0.251415 -0.253123 0.386295 0.163016 -0.063454 0.175157 0.407598 0.140432 0.398706 0.225061 -0.014592 0.088935 0.112864 0.055751 0.059247 -0.427314 -0.288701 -0.235305 0.104742 0.448837 -0.142686 -0.285055 -0.095837 -0.324642 -0.483041 -0.040917
app 0.005913 0.163656 -0.196556 0.280581 -0.104619 -0.015844 0.065573 0.127485 -0.398124 0.058022 0.201211 0.154566 0.020156 -0.184894 -0.170002 0.063755 0.229468 0.333518 0.154230 -0.232424 -0.040216 -0.124486 -0.061799 0.140521 0.114184 0.206034 -0.067916 -0.032776 0.345539 0.122930 -0.259955 0.044409 0.271801 0.122411 -0.282698 -0.327232 -0.004999 0.113398 -0.160892 -0.008361 0.024143 0.210599 0.050839 0.085064 -0.017187 0.018053 -0.105256 -0.451410 -0.154124 -0.067553
bu -0.114904 0.026563 0.002823 0.021634 0.234615 0.060738 0.215679 -0.083563 -0.028178 0.008798 -0.024383 -0.014507 0.121896 0.086344 0.081777 0.189134 0.094687 0.066920 0.285487 -0.152559 -0.084613 -0.135498 -0.026627 0.194375 -0.091163 -0.000906 0.157420 0.031373 0.146386 -0.113179 0.185598 0.008023 0.093162 0.110102 -0.088379 -0.232147 0.046058 0.190027 -0.093609 0.081132 -0.071427 -0.167787 -0.050052 0.031310 0.043983 0.073292 -0.250998 -0.130507 0.113038 0.131398
d -0.236094 0.010175 -0.395414 0.079027 -0.156076 0.071224 0.120090 -0.703383 -0.054865 -0.157186 -0.049502 0.388126 -0.019478 0.317113 -0.118400 0.258071 0.095730 0.242903 -0.149805 0.447605 0.002534 -0.164371 0.163801 0.112234 -0.387604 -0.059752 0.126086 0.277445 0.068042 -0.097359 0.390027 0.247161 0.326594 0.529236 -0.197383 0.156434 0.039437 -0.047060 0.022947 -0.602444 -0.212553 -0.264965 0.514924 0.465500 -0.195800 -0.180695 -0.051521 -0.249705 -0.129316 -0.019840
de -0.083753 -0.069175 -0.376243 0.322098 -0.285427 -0.171049 0.153301 -0.375440 -0.434481 0.090488 0.039561 0.372495 -0.213222 -0.036051 0.009152 0.380055 0.077672 0.344438 -0.214844 0.166012 -0.034463 -0.285574 0.253754 -0.007272 -0.153934 0.158142 0.003423 0.192624 0.537647 0.061946 0.004971 0.156850 0.607202 0.485737 -0.449476 -0.167877 0.042477 0.096383 -0.256524 -0.640782 -0.170082 0.039369 0.574302 0.369019 -0.227372 -0.144655 -0.015042 -0.681337 -0.296230 -0.088004
error 0.298868 0.022793 0.116643 -0.002599 -0.260216 -0.098400 -0.077753 0.664253 -0.185436 0.292160 0.251774 0.010578 -0.111133 -0.510129 0.014069 -0.341465 -0.053425 -0.225458 -0.102847 -0.283822 0.041314 0.056742 -0.065040 -0.176118 0.424461 0.243827 -0.348253 -0.360722 0.075523 0.157261 -0.646220 -0.201105 -0.219635 -0.326081 0.090707 0.051860 -0.046144 -0.132054 -0.134928 0.264131 0.255618 0.292886 -0.244730 -0.381688 0.040826 0.054200 0.316808 0.069915 -0.023883 -0.079216
log 0.044922 -0.095389 -0.263668 0.155922 -0.289940 -0.115965 0.039718 -0.136609 -0.337272 0.109939 0.095831 0.328237 -0.214387 -0.166167 0.017263 0.071082 -0.007780 0.130423 -0.296357 0.132835 0.027303 -0.142663 0.152746 -0.117395 0.007918 0.118409 -0.100287 0.026635 0.274312 0.108939 -0.082828 0.089365 0.267918 0.233549 -0.224642 0.061200 0.062363 -0.018779 -0.168420 -0.435495 -0.021804 0.073056 0.373117 0.161846 -0.183329 -0.138583 0.137627 -0.356704 -0.286602 -0.105486
open 0.188835 0.112275 0.041924 0.127461 -0.134300 -0.103246 -0.168624 0.453907 -0.120329 0.161047 0.146942 0.010139 -0.112515 -0.250162 0.009526 -0.172032 0.062115 -0.033124 0.001457 -0.196708 0.003143 0.006589 0.000462 -0.012774 0.185177 0.157453 -0.202845 -0.216877 0.206580 0.178368 -0.443344 -0.144867 -0.026427 -0.223617 0.028328 -0.125369 -0.082937 -0.123679 -0.095031 0.177563 0.082596 0.255824 -0.170800 -0.234839 -0.004515 0.015739 0.186505 -0.131426 -0.142421 -0.042346
table 0.012787 0.044864 -0.006401 0.197098 -0.094919 -0.156661 -0.040984 0.036403 -0.220627 -0.026629 -0.117274 0.057196 -0.107208 -0.046345 -0.088183 0.156264 0.002809 0.103542 -0.098841 -0.160971 0.032124 0.057908 -0.003117 -0.059371 -0.004970 0.109788 0.075219 0.062214 0.271208 0.188104 0.059379 -0.134316 0.309667 0.081331 -0.201157 -0.262554 -0.152172 0.142869 -0.044724 -0.168206 0.008763 0.138905 0.112693 0.034129 -0.101300 0.015393 -0.035846 -0.313233 -0.174773 -0.077946
##48 -0.052253 0.005531 0.028417 0.055828 0.179512 0.046529 0.136519 0.023046 -0.033892 0.018412 0.042240 -0.000954 0.075169 0.043216 0.073820 0.124954 0.113744 0.072065 0.279486 -0.168316 -0.076231 -0.109687 0.002856 0.182787 -0.051800 0.028678 0.108449 0.039132 0.150710 -0.099185 0.071544 0.007762 0.084061 0.070281 -0.068988 -0.256140 0.005918 0.141338 -0.061518 0.092616 -0.048412 -0.096418 -0.042467 -0.000341 0.046384 0.071387 -0.180189 -0.126790 0.047220 0.101450
##mp -0.024450 -0.068096 -0.282360 0.024411 -0.205422 -0.039858 -0.075520 -0.227995 -0.109297 -0.010001 -0.044182 0.211685 -0.119919 0.063936 -0.108657 -0.020224 -0.075531 0.103286 -0.292162 0.227022 0.018599 -0.039507 0.056324 -0.096870 -0.176983 -0.039117 0.063195 0.144838 -0.014799 0.123541 0.153460 0.091431 0.150511 0.136140 -0.052027 0.179000 0.033406 -0.058765 0.059561 -0.362214 -0.060348 0.004610 0.238087 0.190828 -0.194157 -0.137600 0.100974 -0.137168 -0.315472 -0.130974
copy -0.021391 -0.106976 -0.008960 0.005083 -0.039476 -0.055485 -0.017317 -0.007932 -0.043923 0.032894 -0.013392 0.030503 -0.034013 -0.004695 0.103692 -0.023264 -0.013598 -0.063573 -0.038609 0.087286 0.026351 -0.029962 0.092938 -0.045284 -0.020687 0.032608 -0.038352 0.049794 0.035780 -0.054664 0.016101 0.043238 -0.053495 0.008459 0.005924 0.036725 0.011775 -0.028996 -0.003135 0.019944 0.006573 0.021136 0.076734 -0.086013 -0.078489 0.024366 0.063452 -0.009773 -0.028852 -0.005280
flag -0.117619 -0.049995 0.133644 -0.125439 0.092562 -0.053202 0.084580 -0.101073 0.128694 -0.040587 -0.229174 -0.130724 0.001714 0.050890 0.014624 0.224091 -0.044659 -0.016680 -0.000919 -0.050388 -0.023246 0.170447 -0.092359 -0.074907 0.009133 -0.001869 0.152028 0.030750 -0.039780 -0.033909 0.189332 -0.068638 0.014501 -0.067455 -0.021550 -0.057977 -0.037361 0.083724 0.057338 -0.038782 0.055204 -0.031128 -0.040042 0.036603 -0.028635 0.080736 -0.176095 0.028381 0.151196 0.080804
found -0.078620 -0.180392 -0.214840 -0.218098 -0.213538 0.031435 0.025803 -0.300935 0.059672 0.043508 0.055393 0.128860 -0.006936 -0.089539 -0.023714 -0.039060 -0.017298 -0.023780 -0.251753 0.395184 0.009094 0.068909 0.099036 -0.144144 0.050032 0.023638 -0.123988 0.050001 -0.242258 -0.146633 -0.033005 0.268109 -0.142047 0.027574 0.070634 0.379765 0.173321 -0.163041 0.060363 -0.169134 0.100535 0.007901 0.213823 0.130777 -0.109752 -0.035332 0.110581 0.209627 0.057926 -0.109448
h 0.066141 0.071180 -0.235062 -0.173601 0.004948 0.217374 -0.135024 -0.281633 0.149289 -0.302716 0.039291 0.139487 -0.010115 0.410769 -0.217240 -0.361163 -0.184637 0.124173 -0.241134 0.359586 0.125695 -0.077817 -0.066457 -0.038292 -0.198208 -0.400082 0.055598 0.197551 -0.488576 0.087060 0.334235 0.143234 -0.096728 0.082911 0.188249 0.552276 0.138398 -0.199302 0.182442 -0.169543 -0.117701 -0.204110 0.139433 0.273150 0.098929 -0.274425 0.155715 0.394217 -0.135278 -0.143380
in -0.125655 -0.106681 -0.183835 0.190487 0.010268 -0.076746 0.009796 -0.329576 -0.159220 -0.126537 -0.134180 0.121521 -0.081533 0.255104 -0.017471 0.293281 0.057342 0.185883 -0.055912 0.178197 0.063704 -0.168455 0.151147 0.070896 -0.214784 0.016424 0.140855 0.310781 0.213661 -0.014472 0.360260 0.064084 0.355987 0.324278 -0.230315 -0.180160 -0.088551 0.098462 0.025485 -0.296369 -0.145258 -0.054605 0.399884 0.139057 -0.189507 -0.052473 -0.075035 -0.255219 -0.216139 -0.029207
include 0.029106 0.058062 -0.354446 -0.246294 -0.152931 0.234136 -0.039326 -0.414390 0.095803 -0.215280 0.111321 0.143236 0.057050 0.274741 -0.302021 -0.321989 -0.128271 0.240922 -0.293800 0.449520 0.106304 -0.085689 -0.006129 -0.028402 -0.109162 -0.305461 -0.032088 0.187533 -0.482111 0.021721 0.157959 0.286268 -0.081440 0.180476 0.151875 0.647688 0.278056 -0.244485 0.125242 -0.215226 -0.058848 -0.174272 0.217134 0.412611 0.102108 -0.266310 0.135835 0.434195 -0.008185 -0.200828
is -0.130134 -0.121098 -0.220940 0.143677 0.059219 -0.021758 -0.043743 -0.317263 -0.062036 -0.151009 -0.128920 0.148478 -0.096637 0.356204 0.022019 0.191925 0.047026 0.128078 -0.019539 0.258957 0.077364 -0.239664 0.153075 0.077190 -0.284086 -0.076806 0.161985 0.328550 0.158551 -0.077347 0.439186 0.075738 0.241100 0.272374 -0.161984 -0.059952 -0.034744 0.006986 0.046149 -0.226279 -0.213706 -0.192549 0.391656 0.056856 -0.206490 -0.101117 -0.078247 -0.210565 -0.273379 0.010368
loop -0.022236 0.076032 -0.087567 -0.131893 0.047667 0.180206 -0.094061 -0.391664 0.162921 -0.281170 -0.018644 0.059631 0.063676 0.284346 -0.155957 -0.141643 -0.101371 0.104675 -0.234243 0.272688 0.009711 0.018553 -0.105122 -0.037886 -0.216723 -0.316350 0.096573 0.153976 -0.374476 0.033181 0.379914 0.164870 -0.035716 0.091922 0.125070 0.359108 0.103352 -0.057028 0.167039 -0.192153 -0.082474 -0.190817 0.085863 0.298020 0.094077 -0.145617 0.059286 0.234082 -0.083959 -0.109057
##p 0.070233 0.046105 -0.271192 0.256856 -0.182147 -0.069069 -0.008782 -0.075919 -0.417466 0.023517 0.111006 0.194879 -0.141601 -0.046530 -0.131438 -0.016842 0.006832 0.196676 -0.199563 0.049053 0.080443 -0.250933 0.104134 0.045040 -0.098975 0.082458 -0.051270 0.043028 0.227837 0.132897 -0.064758 -0.008901 0.312199 0.356099 -0.250710 -0.090280 -0.020312 -0.008411 -0.116830 -0.259415 -0.097455 0.111212 0.237700 0.125927 -0.073194 -0.077776 0.129337 -0.267886 -0.256829 -0.136516
##rle -0.114940 0.016638 -0.172941 0.281855 -0.043221 -0.016866 0.171299 -0.105659 -0.146637 0.114594 0.017927 0.025486 0.043583 -0.082529 -0.046827 0.213743 -0.002872 0.151031 0.089010 0.050696 0.013242 -0.273291 0.161463 0.310997 -0.211009 0.147579 0.039702 -0.015479 0.261763 -0.027276 -0.063256 -0.077824 0.308882 0.496039 -0.274191 -0.154874 -0.062008 0.076617 -0.253338 -0.344954 -0.210839 0.111575 0.236987 0.084623 -0.144451 0.003522 -0.058627 -0.296875 -0.066241 0.010146
##s -0.113357 -0.221455 -0.346809 0.220499 0.075464 -0.082186 -0.015025 -0.266899 -0.271922 -0.148126 -0.024658 0.317090 -0.195853 0.450046 0.038749 0.039790 -0.038278 0.108360 -0.000590 0.330048 0.153020 -0.455627 0.307708 0.124851 -0.358112 -0.087478 0.118503 0.444558 0.224377 -0.030899 0.432268 0.048828 0.210027 0.392726 -0.201911 0.035974 0.004197 -0.108610 0.019874 -0.281738 -0.283057 -0.194558 0.526080 0.045100 -0.212922 -0.190421 0.030639 -0.217219 -0.401250 0.011235
2 -0.016926 0.042840 -0.063321 -0.116208 -0.008339 0.140448 -0.108081 -0.351888 0.156960 -0.244075 -0.018153 -0.001818 0.062743 0.191186 -0.151039 -0.192845 -0.142695 0.041134 -0.252816 0.293051 0.039648 0.045935 -0.076801 -0.059696 -0.153659 -0.290334 0.010700 0.079258 -0.442682 0.020490 0.261500 0.150462 -0.105801 0.090454 0.133042 0.381888 0.112289 -0.048368 0.142233 -0.173557 -0.039282 -0.129333 0.053387 0.248966 0.086321 -0.129100 0.110764 0.336714 0.026252 -0.132411
cm 0.117267 0.059005 -0.258343 0.266313 -0.207476 -0.094673 -0.032508 -0.027979 -0.479794 0.021476 0.123388 0.213050 -0.172253 -0.077781 -0.154770 -0.033115 0.007405 0.210261 -0.226371 -0.016983 0.073697 -0.213372 0.078457 -0.007202 -0.044714 0.105030 -0.075845 0.051185 0.259472 0.187376 -0.083348 -0.021106 0.356954 0.320918 -0.273422 -0.129208 -0.036248 0.008230 -0.127409 -0.259077 -0.060357 0.148412 0.241050 0.124650 -0.074433 -0.066390 0.137670 -0.301049 -0.294662 -0.163612
continue 0.064554 -0.226487 -0.145929 -0.252299 -0.203952 0.064539 -0.053697 -0.084223 0.069948 0.103629 0.109712 0.183439 -0.109639 -0.163923 0.090432 -0.309226 -0.133595 -0.238771 -0.355019 0.304835 0.066611 0.037562 0.062434 -0.234040 0.126648 -0.045526 -0.152931 -0.094905 -0.346457 -0.075189 -0.040784 0.149045 -0.339957 -0.081272 0.174785 0.554186 0.221656 -0.222152 0.073957 -0.122482 0.118995 -0.039532 0.120357 -0.070158 -0.098795 -0.112469 0.258285 0.315890 -0.067520 -0.081739
entry 0.194381 0.058178 0.012103 0.120171 -0.134726 -0.117455 -0.108473 0.290968 -0.253228 0.036117 0.089499 0.076628 -0.143594 -0.146057 -0.064703 -0.096768 -0.010609 0.011319 -0.097045 -0.205468 0.007727 0.023958 -0.035203 -0.086450 0.118345 0.123675 -0.131152 -0.063484 0.193576 0.230866 -0.180861 -0.111586 0.103914 -0.089094 -0.075498 -0.139558 -0.095753 0.035672 -0.087439 0.040261 0.071331 0.162402 -0.021860 -0.121700 -0.031555 0.013234 0.109161 -0.172363 -0.191613 -0.096234
free -0.250028 -0.260110 -0.446103 0.166712 0.100976 -0.048870 0.052012 -0.563838 -0.218046 -0.218151 -0.102992 0.355354 -0.150307 0.563761 0.016704 0.215139 -0.020804 0.181055 -0.028787 0.459689 0.122451 -0.439015 0.324865 0.139281 -0.444154 -0.146464 0.214382 0.565850 0.179275 -0.088662 0.640046 0.153638 0.275674 0.526150 -0.249203 0.081100 0.050795 -0.084606 0.044874 -0.424700 -0.324296 -0.268461 0.650911 0.220694 -0.245209 -0.210804 -0.094336 -0.226016 -0.357974 -0.010357
##a -0.111327 -0.004691 0.019542 -0.077379 0.167456 0.054830 0.141570 -0.211230 0.074182 -0.059011 -0.094076 -0.033752 0.114648 0.102954 0.024221 0.200315 0.111069 0.092863 0.192254 -0.034293 -0.072103 0.024531 -0.037568 0.107290 -0.053627 -0.043572 0.142525 0.087380 -0.004080 -0.122178 0.172563 0.122431 0.056838 0.079140 -0.042388 -0.116629 0.034566 0.129847 -0.004141 -0.000253 -0.033277 -0.104722 -0.037030 0.144125 0.050854 0.099836 -0.244595 -0.034415 0.140488 0.079438
##cs -0.050851 0.069316 -0.173457 0.323733 -0.110261 -0.084949 0.013743 -0.031722 -0.290672 0.050010 0.051032 0.119340 -0.129408 -0.037246 0.011797 0.209609 0.040304 0.178011 -0.023157 -0.038572 -0.004397 -0.128241 0.127763 0.084368 -0.117208 0.156101 0.068404 0.092308 0.412358 0.097508 -0.030639 0.003215 0.342261 0.225863 -0.299984 -0.206097 -0.101397 0.041908 -0.107631 -0.204221 -0.113066 0.083892 0.257345 0.074270 -0.134476 -0.107153 -0.013932 -0.444437 -0.235928 -0.084125
##id -0.027751 0.052539 -0.157185 -0.008931 -0.123380 0.013532 0.011698 -0.171515 -0.048617 -0.025811 0.030372 0.106133 -0.016024 -0.035434 -0.094939 0.075856 0.046579 0.109566 -0.139614 0.109650 -0.005481 -0.001210 -0.001540 -0.033965 0.003513 -0.005087 -0.016694 0.011523 0.014559 0.043472 0.010218 0.092094 0.117748 0.084107 -0.050261 0.075436 0.065316 -0.033300 -0.036689 -0.187055 0.013703 0.021315 0.102502 0.167661 -0.050578 -0.100842 0.006862 -0.062066 -0.089132 -0.092509
##pro -0.099150 -0.025443 0.052251 0.089580 0.050081 -0.134407 0.146969 0.052155 -0.151135 0.072827 0.010761 -0.159914 0.098246 -0.169181 0.062830 0.168021 0.044428 0.007970 0.130857 -0.105158 -0.051102 -0.047346 0.065263 0.088530 0.096739 0.187122 -0.090446 0.025049 0.173944 -0.071902 -0.180561 -0.024729 0.125872 0.084187 -0.145098 -0.303695 0.010126 0.130424 -0.103337 0.162844 0.076109 0.119696 -0.019641 -0.091845 -0.003456 0.091038 -0.126176 -0.008509 0.151252 0.001911
##rvis 0.020951 0.061709 -0.145407 0.447422 -0.112818 -0.101621 0.006404 0.146357 -0.300724 0.102696 0.039300 0.076504 -0.071850 -0.080343 -0.050446 0.064961 0.015756 0.121410 -0.011550 -0.053947 0.057322 -0.321197 0.138239 0.209247 -0.179215 0.139676 -0.016152 -0.002338 0.399293 0.166029 -0.137163 -0.202626 0.336068 0.368761 -0.255878 -0.238215 -0.198524 0.071274 -0.212032 -0.198212 -0.200869 0.137328 0.158453 -0.059179 -0.147335 -0.060957 0.106813 -0.427497 -0.253170 -0.026390
all -0.182425 -0.138223 -0.366615 0.173171 -0.037744 0.011317 0.014023 -0.504322 -0.113059 -0.135982 -0.092157 0.198385 -0.047494 0.325123 -0.077678 0.221672 0.023345 0.252373 -0.130109 0.410273 0.078365 -0.284259 0.224331 0.116310 -0.339585 -0.081162 0.140595 0.377004 0.080952 -0.077678 0.396407 0.173682 0.339161 0.453178 -0.217770 0.055818 0.011462 -0.007644 0.032797 -0.410808 -0.245148 -0.134803 0.511460 0.256594 -0.221680 -0.130675 -0.025616 -0.192619 -0.252388 -0.045406
as -0.033113 -0.078881 -0.158391 0.269248 0.039640 -0.061289 -0.053519 -0.032723 -0.183659 -0.069568 -0.016197 0.124919 -0.134968 0.275533 0.069180 0.060080 0.032362 0.077445 0.065000 0.103316 0.096608 -0.356841 0.179705 0.127253 -0.264784 -0.010999 0.065047 0.249403 0.291193 -0.022389 0.209452 -0.045652 0.214448 0.254909 -0.157070 -0.141404 -0.085358 -0.018758 -0.041027 -0.093683 -0.251929 -0.130574 0.288459 -0.085908 -0.177585 -0.102713 0.041580 -0.275241 -0.300672 0.049051
buffer -0.067456 -0.071276 -0.199660 0.325445 0.084083 -0.049826 -0.045312 -0.140033 -0.195808 -0.119017 -0.019829 0.157269 -0.147729 0.405760 0.058106 0.071865 -0.009290 0.120132 0.034029 0.132796 0.099914 -0.404241 0.195643 0.154492 -0.370148 -0.069806 0.121428 0.300042 0.236814 0.028608 0.364724 -0.046689 0.293661 0.316509 -0.172663 -0.136724 -0.127991 -0.013007 0.011232 -0.194148 -0.299844 -0.199123 0.344764 -0.029607 -0.192744 -0.158176 0.054473 -0.263903 -0.381207 0.063229
by 0.264335 0.100686 0.027410 0.203438 -0.211859 -0.159689 -0.141335 0.404218 -0.382832 0.062659 0.133497 0.087910 -0.165530 -0.291228 -0.114352 -0.170586 -0.046020 0.029023 -0.145742 -0.313466 0.033018 0.047170 -0.039241 -0.131715 0.202865 0.175180 -0.204868 -0.129258 0.261851 0.336373 -0.315621 -0.200848 0.190048 -0.049528 -0.122424 -0.185577 -0.151114 0.041981 -0.126591 0.011795 0.091469 0.271009 -0.003247 -0.113305 -0.008976 0.013572 0.175225 -0.237768 -0.209266 -0.152622
caller -0.204870 -0.199910 -0.420662 0.156576 0.087789 -0.022624 0.011407 -0.514584 -0.183371 -0.240744 -0.086440 0.324450 -0.139632 0.554889 -0.033222 0.147623 -0.047369 0.196739 -0.058630 0.438485 0.122720 -0.395293 0.272434 0.120322 -0.429613 -0.177120 0.198790 0.526738 0.129737 -0.041714 0.604150 0.117443 0.263554 0.490224 -0.203947 0.106691 0.033912 -0.096115 0.058036 -0.408913 -0.309351 -0.245365 0.591311 0.240437 -0.211132 -0.220411 -0.060075 -0.176071 -0.353862 -0.035478
characters -0.013254 -0.058114 -0.125390 0.368996 0.111934 -0.053378 -0.132063 -0.002342 -0.181830 -0.127744 -0.014815 0.151814 -0.205598 0.413417 0.102412 -0.001248 -0.054915 0.033062 0.056654 0.073855 0.130194 -0.341716 0.181711 0.125255 -0.384840 -0.102255 0.157819 0.278130 0.273210 0.081533 0.367925 -0.123715 0.253047 0.248543 -0.166583 -0.134260 -0.137112 -0.028925 0.027980 -0.135944 -0.307423 -0.201098 0.315388 -0.117562 -0.192113 -0.186352 0.117574 -0.272280 -0.407060 0.067199
mb -0.165106 -0.035487 0.007880 -0.185575 0.028254 0.005742 0.097323 -0.309393 0.134044 -0.028912 -0.128797 -0.137387 0.153747 -0.035630 -0.014470 0.203913 0.006812 0.052291 -0.049401 0.118704 -0.094305 0.192934 -0.043795 -0.031031 0.058666 -0.007174 0.037712 0.046192 -0.159602 -0.103385 0.087181 0.138622 -0.007060 0.020301 -0.020251 0.027529 0.099009 0.078245 0.070954 -0.038555 0.111690 0.037268 -0.010955 0.179812 0.010658 0.059225 -0.187929 0.173495 0.246544 -0.057998
start -0.063976 0.118733 0.025000 0.099140 0.222001 0.104245 -0.064568 -0.213195 0.094201 -0.285550 -0.070645 -0.015420 0.001544 0.423012 -0.021462 0.060637 -0.003687 0.085596 0.049809 0.034753 0.046059 -0.110747 -0.084898 0.118273 -0.319797 -0.261841 0.209455 0.176965 -0.063151 0.060607 0.502035 0.000435 0.126297 0.121805 0.007833 -0.057325 -0.079325 0.063122 0.116680 -0.094979 -0.221919 -0.276155 0.027531 0.095769 0.042388 -0.134018 -0.051932 -0.008830 -0.136873 0.072594
this -0.157023 -0.135568 -0.194396 0.181811 0.062666 -0.069024 0.002428 -0.325697 -0.092013 -0.117792 -0.161532 0.097666 -0.074422 0.322310 0.058020 0.293784 0.037399 0.138366 -0.001283 0.217658 0.065773 -0.212769 0.203592 0.095326 -0.277966 -0.033064 0.186932 0.341116 0.213878 -0.063231 0.390260 0.054399 0.298520 0.291130 -0.200881 -0.151645 -0.086615 0.052835 0.050238 -0.261521 -0.198298 -0.106969 0.394495 0.083268 -0.209845 -0.047980 -0.086780 -0.257828 -0.223938 0.049167
void 0.056398 -0.096983 -0.044573 0.355444 -0.042062 -0.149964 -0.117343 0.237032 -0.212719 0.051108 0.000728 0.077840 -0.210469 0.103518 0.153306 -0.007485 -0.017316 -0.067004 0.029146 0.041411 0.134527 -0.273600 0.225115 0.028175 -0.157144 0.107084 0.004084 0.130484 0.348302 0.046480 0.001013 -0.166357 0.106423 0.100769 -0.135472 -0.140917 -0.185812 -0.086257 -0.027095 -0.023641 -0.154222 0.010998 0.195740 -0.250406 -0.190277 -0.082192 0.172211 -0.283564 -0.310351 0.106508
<unk> -0.048150 -0.009521 -0.140799 0.088124 -0.017593 -0.000574 0.027597 -0.141203 -0.095189 -0.025564 0.011937 0.097670 -0.038887 0.082762 -0.003957 0.080982 0.035996 0.102027 -0.020823 0.076815 0.012776 -0.114132 0.060689 0.049531 -0.102444 -0.011271 0.050958 0.104242 0.089551 -0.000781 0.113665 0.055990 0.140863 0.153998 -0.093320 -0.021772 0.003834 0.010945 -0.027388 -0.132078 -0.095022 -0.054290 0.154192 0.090571 -0.069337 -0.061214 -0.013903 -0.128872 -0.111970 -0.016810
